894720994
499122177
499122177
499122177
499122177
1
499122177
499122177
0
499122177
499122177
499122177
499122177
499122177
499122177
499122177
166054802
499122177
499122177
499122177
499122177
499122177
499122177
499122177
499122177
499122177
423655491
499122177
811406148
499122177
499122177
499122177
499122177
499122177
499122177
499122177
499122177
499122177
499122177
499122177
499122177
499122177
499122177
499122177
499122177
499122177
499122177
499122177
499122177
499122177
499122177
499122177
499122177
499122177
499122177
499122177
499122177
499122177
499122177
499122177
499122177
499122177
499122177
499122177
499122177
499122177
499122177
499122177
499122177
499122177
499122177
499122177
499122177
499122177
499122177
499122177
499122177
499122177
499122177
499122177
499122177
499122177
499122177
499122177
499122177
499122177
1
499122177
499122177
499122177
499122177
499122177
499122177
499122177
499122177
499122177
499122177
499122177
499122177
499122177
499122177
499122177
499122177
499122177
499122177
499122177
499122177
499122177
499122177
499122177
499122177
499122177
499122177
499122177
499122177
499122177
499122177
499122177
499122177
499122177
499122177
1
499122177
499122177
499122177
0
499122177
499122177
499122177
499122177
499122177
499122177
499122177
499122177
499122177
499122177
499122177
499122177
499122177
499122177
499122177
454600134
499122177
499122177
1
499122177
499122177
499122177
499122177
499122177
499122177
499122177
499122177
180062933
499122177
499122177
499122177
499122177
499122177
499122177
499122177
499122177
499122177
499122177
499122177
499122177
499122177
499122177
499122177
499122177
499122177
499122177
499122177
499122177
499122177
499122177
499122177
499122177
499122177
499122177
499122177
499122177
499122177
499122177
0
499122177
499122177
499122177
499122177
499122177
499122177
499122177
499122177
499122177
499122177
499122177
499122177
499122177
499122177
499122177
499122177
499122177
499122177
499122177
499122177
499122177
499122177
337562531
499122177
499122177
499122177
499122177
499122177
499122177
499122177
499122177
1
1
1
499122177
499122177
499122177
499122177
499122177
499122177
499122177
499122177
499122177
499122177
499122177
499122177
499122177
499122177
499122177
499122177
499122177
499122177
499122177
499122177
499122177
499122177
1
499122177
463194226
499122177
499122177
499122177
499122177
499122177
1
499122177
499122177
499122177
499122177
499122177
499122177
499122177
499122177
499122177
499122177
293161334
499122177
499122177
499122177
499122177
499122177
499122177
499122177
499122177
499122177
499122177
499122177
499122177
499122177
499122177
499122177
499122177
351039168
499122177
499122177
499122177
499122177
499122177
499122177
499122177
499122177
499122177
499122177
499122177
499122177
499122177
499122177
499122177
499122177
499122177
499122177
499122177
499122177
499122177
499122177
499122177
499122177
499122177
499122177
499122177
33185513
499122177
499122177
748336001
499122177
499122177
499122177
499122177
499122177
499122177
499122177
476066051
1
499122177
1
499122177
499122177
499122177
499122177
1
499122177
499122177
267174948
499122177
499122177
499122177
499122177
499122177
499122177
499122177
499122177
499122177
499122177
499122177
499122177
499122177
499122177
499122177
499122177
499122177
499122177
499122177
499122177
499122177
499122177
499122177
499122177
499122177
499122177
499122177
499122177
499122177
499122177
499122177
499122177
499122177
499122177
499122177
499122177
499122177
499122177
499122177
499122177
499122177
499122177
499122177
499122177
499122177
499122177
499122177
499122177
499122177
499122177
499122177
499122177
499122177
499122177
499122177
499122177
499122177
499122177
499122177
499122177
499122177
499122177
499122177
499122177
499122177
499122177
499122177
499122177
499122177
499122177
499122177
499122177
499122177
499122177
499122177
499122177
499122177
257988073
1
0
499122177
499122177
499122177
499122177
1
499122177
499122177
499122177
499122177
499122177
499122177
499122177
499122177
499122177
499122177
499122177
499122177
499122177
499122177
499122177
499122177
499122177
499122177
996602710
499122177
499122177
499122177
499122177
499122177
499122177
499122177
499122177
499122177
499122177
1
499122177
499122177
499122177
499122177
499122177
499122177
499122177
499122177
499122177
499122177
499122177
1
499122177
499122177
499122177
1
499122177
499122177
499122177
934255378
499122177
499122177
499122177
499122177
499122177
499122177
499122177
499122177
499122177
499122177
499122177
499122177
499122177
1
499122177
499122177
499122177
499122177
499122177
499122177
499122177
499122177
499122177
499122177
499122177
499122177
499122177
499122177
499122177
499122177
499122177
499122177
499122177
499122177
499122177
499122177
499122177
499122177
499122177
499122177
499122177
499122177
868339604
428188573
499122177
499122177
499122177
499122177
499122177
499122177
499122177
499122177
499122177
499122177
0
499122177
499122177
499122177
499122177
499122177
499122177
499122177
499122177
499122177
499122177
499122177
499122177
499122177
499122177
499122177
499122177
499122177
499122177
499122177
499122177
499122177
499122177
499122177
499122177
499122177
499122177
499122177
499122177
499122177
499122177
499122177
499122177
1
499122177
499122177
499122177
499122177
499122177
499122177
499122177
499122177
499122177
499122177
499122177
499122177
499122177
499122177
499122177
499122177
499122177
499122177
499122177
499122177
499122177
499122177
499122177
499122177
499122177
499122177
499122177
499122177
499122177
499122177
320512886
499122177
499122177
499122177
499122177
499122177
499122177
499122177
499122177
499122177
499122177
0
499122177
499122177
499122177
499122177
499122177
499122177
499122177
499122177
499122177
499122177
499122177
576303247
499122177
499122177
499122177
499122177
499122177
499122177
499122177
499122177
499122177
499122177
499122177
499122177
499122177
499122177
499122177
499122177
499122177
499122177
499122177
499122177
499122177
499122177
499122177
499122177
499122177
499122177
499122177
499122177
499122177
499122177
499122177
499122177
499122177
499122177
499122177
499122177
499122177
499122177
499122177
499122177
499122177
499122177
499122177
499122177
499122177
499122177
499122177
499122177
499122177
499122177
499122177
499122177
499122177
499122177
1
0
499122177
499122177
499122177
499122177
1
499122177
499122177
499122177
499122177
499122177
499122177
499122177
499122177
499122177
499122177
499122177
499122177
499122177
499122177
499122177
499122177
499122177
499122177
499122177
499122177
499122177
499122177
499122177
499122177
499122177
499122177
499122177
499122177
499122177
499122177
499122177
499122177
499122177
499122177
499122177
499122177
499122177
499122177
499122177
499122177
499122177
499122177
499122177
499122177
1
499122177
499122177
499122177
499122177
499122177
499122177
499122177
499122177
499122177
499122177
499122177
499122177
499122177
499122177
499122177
576768386
499122177
499122177
499122177
499122177
499122177
499122177
499122177
499122177
3530152
983259855
499122177
499122177
499122177
499122177
499122177
499122177
499122177
499122177
499122177
499122177
499122177
499122177
499122177
499122177
499122177
499122177
499122177
499122177
499122177
499122177
499122177
499122177
499122177
499122177
499122177
499122177
499122177
499122177
499122177
499122177
389212252
499122177
499122177
499122177
499122177
499122177
499122177
499122177
499122177
1
684753389
499122177
499122177
499122177
499122177
499122177
499122177
499122177
499122177
499122177
499122177
499122177
499122177
1
499122177
499122177
1
499122177
499122177
499122177
499122177
499122177
499122177
499122177
499122177
499122177
499122177
499122177
499122177
499122177
499122177
499122177
499122177
1
499122177
499122177
499122177
499122177
499122177
499122177
499122177
499122177
499122177
499122177
499122177
499122177
499122177
499122177
499122177
499122177
499122177
499122177
499122177
499122177
499122177
499122177
499122177
499122177
499122177
499122177
499122177
499122177
499122177
499122177
499122177
499122177
499122177
499122177
499122177
499122177
499122177
499122177
499122177
499122177
1
499122177
499122177
499122177
499122177
499122177
499122177
499122177
499122177
499122177
499122177
1
98014064
499122177
499122177
499122177
499122177
499122177
499122177
499122177
499122177
499122177
499122177
499122177
499122177
499122177
499122177
499122177
499122177
499122177
499122177
499122177
499122177
499122177
499122177
160231194
499122177
499122177
499122177
499122177
499122177
499122177
499122177
499122177
499122177
499122177
499122177
499122177
499122177
499122177
499122177
499122177
154978302
1
499122177
499122177
499122177
499122177
499122177
499122177
499122177
499122177
499122177
662019428
499122177
499122177
341352718
1
499122177
499122177
499122177
499122177
499122177
499122177
499122177
499122177
92528129
499122177
499122177
499122177
499122177
499122177
499122177
499122177
499122177
499122177
499122177
499122177
499122177
499122177
499122177
499122177
499122177
478643809
499122177
499122177
499122177
499122177
499122177
499122177
499122177
499122177
499122177
499122177
499122177
499122177
499122177
499122177
499122177
499122177
499122177
499122177
499122177
499122177
499122177
499122177
499122177
499122177
499122177
499122177
499122177
499122177
499122177
499122177
499122177
499122177
499122177
499122177
499122177
499122177
499122177
499122177
499122177
499122177
465466638
499122177
499122177
499122177
499122177
499122177
499122177
499122177
0
499122177
499122177
499122177
499122177
499122177
499122177
499122177
499122177
499122177
1
499122177
499122177
499122177
499122177
278745105
499122177
499122177
499122177
411027069
499122177
499122177
499122177
940483998
499122177
499122177
499122177
499122177
499122177
499122177
499122177
499122177
499122177
499122177
499122177
499122177
499122177
499122177
499122177
499122177
499122177
499122177
499122177
499122177
499122177
499122177
499122177
499122177
499122177
499122177
499122177
499122177
499122177
499122177
499122177
499122177
499122177
499122177
499122177
499122177
499122177
499122177
499122177
499122177
499122177
499122177
499122177
848380803
499122177
499122177
499122177
499122177
499122177
499122177
499122177
499122177
499122177
1
499122177
499122177
499122177
499122177
499122177
499122177
499122177
499122177
499122177
948295021
499122177
0
642121321
499122177
499122177
499122177
499122177
499122177
499122177
499122177
499122177
499122177
499122177
499122177
499122177
499122177
499122177
499122177
499122177
499122177
499122177
499122177
499122177
499122177
499122177
302037719
499122177
499122177
499122177
499122177
499122177
499122177
499122177
499122177
1
499122177
499122177
0
499122177
499122177
499122177
499122177
499122177
499122177
499122177
499122177
499122177
499122177
499122177
499122177
499122177
499122177
1
499122177
499122177
499122177
499122177
499122177
499122177
499122177
499122177
499122177
499122177
499122177
499122177
499122177
499122177
499122177
499122177
499122177
499122177
499122177
499122177
499122177
499122177
499122177
499122177
499122177
499122177
499122177
499122177
499122177
499122177
499122177
499122177
499122177
499122177
499122177
499122177
499122177
1
499122177
499122177
499122177
499122177
499122177
499122177
499122177
499122177
499122177
499122177
499122177
499122177
499122177
499122177
499122177
499122177
499122177
499122177
499122177
1
499122177
499122177
499122177
499122177
499122177
499122177
499122177
499122177
499122177
499122177
499122177
499122177
499122177
499122177
499122177
499122177
499122177
499122177
499122177
499122177
499122177
499122177
499122177
499122177
499122177
499122177
499122177
499122177
499122177
499122177
499122177
499122177
499122177
499122177
499122177
499122177
499122177
499122177
499122177
499122177
499122177
499122177
499122177
499122177
499122177
499122177
499122177
499122177
499122177
499122177
499122177
499122177
499122177
499122177
499122177
499122177
499122177
499122177
499122177
499122177
499122177
499122177
499122177
499122177
499122177
0
499122177
1
499122177
499122177
499122177
499122177
499122177
499122177
499122177
499122177
499122177
499122177
499122177
499122177
499122177
499122177
499122177
499122177
499122177
499122177
499122177
499122177
499122177
499122177
891442328
499122177
499122177
499122177
499122177
499122177
499122177
499122177
499122177
499122177
499122177
499122177
490007182
499122177
499122177
499122177
499122177
499122177
499122177
499122177
0
499122177
499122177
499122177
690158712
499122177
499122177
499122177
499122177
499122177
499122177
499122177
499122177
499122177
499122177
499122177
499122177
499122177
499122177
499122177
499122177
499122177
499122177
499122177
499122177
499122177
499122177
499122177
499122177
499122177
1
499122177
499122177
499122177
499122177
499122177
499122177
499122177
499122177
499122177
499122177
499122177
499122177
499122177
499122177
499122177
499122177
499122177
499122177
499122177
499122177
499122177
499122177
499122177
499122177
499122177
499122177
344345258
499122177
499122177
499122177
499122177
499122177
499122177
499122177
499122177
499122177
499122177
499122177
499122177
499122177
499122177
499122177
499122177
499122177
499122177
499122177
499122177
499122177
499122177
499122177
499122177
499122177
499122177
499122177
499122177
499122177
499122177
499122177
499122177
499122177
499122177
499122177
499122177
499122177
1
499122177
1
499122177
499122177
499122177
499122177
499122177
499122177
499122177
499122177
499122177
499122177
499122177
499122177
499122177
499122177
499122177
499122177
499122177
435205703
499122177
499122177
499122177
499122177
499122177
499122177
499122177
1
499122177
499122177
499122177
499122177
499122177
1
499122177
499122177
499122177
499122177
499122177
499122177
499122177
499122177
499122177
499122177
499122177
499122177
499122177
499122177
499122177
499122177
499122177
499122177
499122177
1
499122177
499122177
499122177
499122177
499122177
499122177
499122177
499122177
499122177
1
499122177
499122177
499122177
499122177
499122177
499122177
499122177
499122177
499122177
499122177
499122177
499122177
499122177
499122177
1
1
1
499122177
499122177
499122177
499122177
499122177
499122177
499122177
499122177
499122177
499122177
499122177
499122177
499122177
499122177
499122177
499122177
499122177
499122177
499122177
465762861
499122177
499122177
499122177
499122177
499122177
499122177
499122177
499122177
499122177
499122177
499122177
499122177
499122177
499122177
499122177
499122177
499122177
499122177
0
499122177
499122177
499122177
499122177
499122177
499122177
499122177
499122177
499122177
499122177
499122177
499122177
499122177
499122177
499122177
499122177
499122177
499122177
499122177
499122177
499122177
499122177
499122177
1
499122177
499122177
499122177
499122177
499122177
499122177
499122177
499122177
499122177
499122177
499122177
499122177
499122177
499122177
499122177
499122177
499122177
499122177
499122177
499122177
499122177
499122177
499122177
499122177
499122177
499122177
499122177
499122177
499122177
499122177
499122177
499122177
499122177
499122177
499122177
499122177
499122177
499122177
499122177
499122177
499122177
1
499122177
499122177
499122177
499122177
499122177
499122177
499122177
499122177
499122177
499122177
499122177
499122177
0
499122177
499122177
499122177
287189311
0
499122177
499122177
499122177
499122177
499122177
499122177
499122177
499122177
499122177
499122177
499122177
499122177
1
499122177
499122177
499122177
499122177
879272748
499122177
499122177
499122177
499122177
499122177
499122177
499122177
499122177
499122177
751824637
499122177
499122177
499122177
499122177
499122177
499122177
499122177
499122177
499122177
499122177
499122177
499122177
499122177
499122177
1
499122177
499122177
499122177
499122177
0
499122177
499122177
499122177
499122177
499122177
499122177
499122177
499122177
499122177
499122177
499122177
499122177
499122177
499122177
499122177
499122177
499122177
499122177
499122177
499122177
499122177
499122177
499122177
499122177
499122177
61028126
499122177
499122177
499122177
499122177
499122177
499122177
499122177
499122177
499122177
499122177
499122177
459118743
499122177
499122177
499122177
1
499122177
499122177
499122177
499122177
499122177
499122177
499122177
499122177
499122177
499122177
499122177
499122177
499122177
499122177
499122177
499122177
499122177
499122177
499122177
499122177
499122177
499122177
1
0
499122177
499122177
499122177
499122177
499122177
499122177
499122177
499122177
1
499122177
499122177
499122177
499122177
387764709
499122177
499122177
499122177
499122177
499122177
499122177
499122177
499122177
499122177
499122177
499122177
499122177
499122177
624203474
499122177
1
499122177
499122177
499122177
499122177
499122177
499122177
499122177
499122177
499122177
499122177
499122177
499122177
499122177
499122177
0
499122177
499122177
499122177
499122177
499122177
499122177
499122177
499122177
499122177
499122177
499122177
499122177
499122177
0
499122177
499122177
779818362
499122177
499122177
499122177
499122177
499122177
499122177
499122177
499122177
0
499122177
499122177
499122177
499122177
499122177
499122177
499122177
499122177
499122177
499122177
499122177
499122177
499122177
499122177
499122177
499122177
499122177
499122177
499122177
499122177
499122177
499122177
499122177
499122177
562433116
499122177
499122177
499122177
499122177
499122177
499122177
499122177
499122177
499122177
499122177
499122177
499122177
499122177
499122177
499122177
499122177
499122177
499122177
1
499122177
499122177
499122177
499122177
499122177
499122177
499122177
499122177
499122177
499122177
499122177
499122177
499122177
499122177
499122177
499122177
499122177
499122177
499122177
499122177
499122177
499122177
499122177
499122177
499122177
499122177
499122177
499122177
499122177
499122177
499122177
499122177
499122177
205689291
499122177
499122177
499122177
499122177
499122177
712381315
499122177
499122177
499122177
499122177
499122177
499122177
499122177
499122177
499122177
499122177
499122177
499122177
499122177
499122177
499122177
499122177
499122177
499122177
1
499122177
499122177
499122177
499122177
499122177
499122177
499122177
499122177
499122177
499122177
499122177
499122177
499122177
499122177
499122177
499122177
499122177
499122177
499122177
499122177
499122177
499122177
499122177
499122177
499122177
499122177
499122177
499122177
499122177
499122177
499122177
499122177
499122177
499122177
499122177
499122177
499122177
499122177
499122177
499122177
499122177
499122177
499122177
499122177
1
499122177
499122177
499122177
1
499122177
499122177
499122177
499122177
499122177
499122177
499122177
499122177
499122177
499122177
499122177
499122177
681994904
499122177
499122177
499122177
499122177
499122177
499122177
499122177
499122177
499122177
499122177
499122177
499122177
499122177
499122177
499122177
499122177
499122177
499122177
499122177
499122177
499122177
499122177
928224621
499122177
499122177
499122177
499122177
499122177
499122177
499122177
499122177
499122177
499122177
499122177
499122177
764759792
499122177
499122177
499122177
499122177
499122177
499122177
499122177
499122177
499122177
499122177
499122177
499122177
499122177
499122177
499122177
606460291
499122177
499122177
499122177
499122177
499122177
499122177
499122177
499122177
499122177
499122177
499122177
499122177
18665587
499122177
499122177
499122177
499122177
499122177
499122177
499122177
499122177
499122177
499122177
499122177
216979649
499122177
499122177
499122177
499122177
978975392
499122177
499122177
499122177
499122177
499122177
499122177
499122177
499122177
499122177
499122177
499122177
499122177
499122177
499122177
499122177
499122177
499122177
499122177
499122177
499122177
499122177
499122177
499122177
499122177
499122177
499122177
499122177
499122177
499122177
499122177
499122177
499122177
499122177
499122177
499122177
499122177
499122177
499122177
499122177
499122177
499122177
499122177
499122177
499122177
499122177
499122177
499122177
499122177
499122177
499122177
499122177
499122177
499122177
499122177
499122177
499122177
499122177
499122177
499122177
499122177
499122177
499122177
499122177
499122177
499122177
499122177
0
499122177
1
499122177
499122177
0
499122177
499122177
499122177
499122177
499122177
499122177
499122177
499122177
499122177
499122177
499122177
499122177
499122177
499122177
499122177
499122177
499122177
499122177
499122177
499122177
499122177
499122177
499122177
499122177
499122177
499122177
499122177
499122177
499122177
499122177
499122177
499122177
499122177
499122177
499122177
499122177
499122177
499122177
499122177
499122177
499122177
499122177
499122177
499122177
499122177
499122177
499122177
499122177
1
1
499122177
499122177
1
499122177
499122177
499122177
499122177
499122177
499122177
499122177
499122177
499122177
499122177
499122177
499122177
499122177
499122177
499122177
499122177
499122177
499122177
499122177
499122177
499122177
0
499122177
1
1
499122177
499122177
499122177
499122177
1
499122177
1
499122177
499122177
499122177
499122177
21073071
1
499122177
499122177
499122177
499122177
499122177
499122177
499122177
499122177
499122177
499122177
499122177
499122177
499122177
499122177
499122177
499122177
499122177
499122177
499122177
499122177
499122177
499122177
499122177
499122177
499122177
499122177
46507868
499122177
1
499122177
499122177
574132247
499122177
499122177
499122177
499122177
0
499122177
499122177
499122177
499122177
499122177
499122177
499122177
499122177
0
499122177
499122177
499122177
499122177
499122177
499122177
499122177
499122177
499122177
499122177
499122177
499122177
499122177
499122177
499122177
499122177
499122177
499122177
499122177
499122177
499122177
499122177
499122177
499122177
499122177
499122177
499122177
499122177
499122177
499122177
499122177
499122177
499122177
499122177
499122177
499122177
499122177
499122177
499122177
794474956
499122177
499122177
499122177
499122177
499122177
499122177
499122177
499122177
499122177
499122177
499122177
499122177
499122177
499122177
499122177
499122177
499122177
499122177
499122177
499122177
499122177
499122177
499122177
499122177
499122177
499122177
499122177
1
499122177
499122177
499122177
1
499122177
499122177
499122177
499122177
0
499122177
499122177
499122177
499122177
499122177
499122177
499122177
499122177
499122177
499122177
499122177
499122177
499122177
499122177
499122177
499122177
499122177
499122177
499122177
499122177
499122177
499122177
499122177
499122177
499122177
499122177
499122177
499122177
1
1
499122177
1
499122177
499122177
499122177
499122177
499122177
499122177
499122177
499122177
499122177
499122177
499122177
499122177
499122177
499122177
499122177
499122177
499122177
499122177
1
499122177
499122177
499122177
499122177
499122177
499122177
499122177
499122177
499122177
499122177
499122177
499122177
499122177
499122177
499122177
0
499122177
499122177
499122177
499122177
499122177
499122177
907988590
499122177
499122177
499122177
499122177
499122177
499122177
499122177
499122177
499122177
499122177
499122177
499122177
499122177
499122177
499122177
499122177
499122177
499122177
499122177
499122177
499122177
499122177
1
499122177
499122177
499122177
0
499122177
499122177
499122177
0
499122177
499122177
499122177
499122177
499122177
499122177
499122177
499122177
499122177
499122177
499122177
499122177
499122177
499122177
499122177
499122177
499122177
499122177
499122177
499122177
499122177
499122177
499122177
499122177
499122177
499122177
499122177
499122177
499122177
499122177
499122177
499122177
499122177
499122177
499122177
499122177
499122177
499122177
499122177
499122177
499122177
513234541
499122177
499122177
499122177
499122177
499122177
499122177
499122177
499122177
499122177
499122177
499122177
499122177
499122177
499122177
499122177
499122177
499122177
499122177
499122177
499122177
499122177
499122177
499122177
499122177
499122177
499122177
499122177
499122177
499122177
499122177
499122177
499122177
499122177
499122177
499122177
499122177
499122177
499122177
499122177
499122177
499122177
499122177
499122177
499122177
499122177
499122177
363860530
499122177
499122177
499122177
499122177
499122177
606305848
499122177
499122177
499122177
499122177
499122177
499122177
499122177
499122177
499122177
499122177
499122177
499122177
499122177
499122177
1
499122177
499122177
499122177
499122177
499122177
499122177
528926172
1
499122177
499122177
499122177
499122177
499122177
499122177
200600806
499122177
499122177
499122177
499122177
499122177
499122177
499122177
499122177
499122177
499122177
499122177
499122177
499122177
499122177
499122177
499122177
499122177
1
499122177
499122177
499122177
499122177
499122177
1
499122177
499122177
499122177
499122177
499122177
499122177
499122177
499122177
499122177
499122177
499122177
499122177
499122177
499122177
499122177
499122177
499122177
499122177
499122177
499122177
499122177
499122177
499122177
499122177
499122177
499122177
499122177
499122177
499122177
499122177
499122177
499122177
499122177
499122177
499122177
499122177
499122177
499122177
499122177
499122177
499122177
499122177
499122177
499122177
499122177
499122177
499122177
499122177
499122177
499122177
499122177
0
499122177
499122177
499122177
499122177
499122177
499122177
499122177
499122177
499122177
499122177
499122177
499122177
499122177
261461812
499122177
499122177
499122177
499122177
499122177
499122177
499122177
499122177
499122177
499122177
1
499122177
499122177
499122177
499122177
499122177
499122177
499122177
499122177
499122177
499122177
499122177
499122177
499122177
499122177
499122177
499122177
499122177
499122177
499122177
499122177
499122177
499122177
499122177
499122177
499122177
499122177
499122177
499122177
499122177
499122177
499122177
1
499122177
499122177
499122177
499122177
499122177
499122177
499122177
499122177
499122177
499122177
499122177
499122177
499122177
608174947
499122177
499122177
499122177
499122177
499122177
499122177
499122177
499122177
499122177
499122177
0
499122177
499122177
499122177
499122177
499122177
499122177
499122177
499122177
499122177
499122177
499122177
499122177
499122177
499122177
499122177
499122177
499122177
499122177
499122177
499122177
499122177
499122177
499122177
499122177
499122177
499122177
499122177
499122177
499122177
499122177
499122177
499122177
499122177
499122177
499122177
499122177
499122177
499122177
561548589
499122177
499122177
499122177
499122177
499122177
499122177
499122177
499122177
499122177
499122177
499122177
499122177
499122177
499122177
499122177
499122177
499122177
499122177
499122177
499122177
499122177
499122177
499122177
499122177
499122177
499122177
499122177
499122177
499122177
499122177
499122177
499122177
499122177
499122177
499122177
499122177
499122177
499122177
499122177
499122177
499122177
499122177
1
499122177
499122177
499122177
499122177
499122177
499122177
499122177
499122177
499122177
499122177
499122177
499122177
499122177
499122177
499122177
791396708
499122177
499122177
1
499122177
499122177
499122177
499122177
499122177
0
499122177
499122177
499122177
499122177
499122177
1
499122177
499122177
499122177
499122177
499122177
499122177
499122177
499122177
499122177
499122177
499122177
499122177
499122177
1
499122177
499122177
499122177
499122177
499122177
499122177
499122177
499122177
499122177
499122177
499122177
499122177
499122177
499122177
499122177
499122177
499122177
499122177
499122177
499122177
499122177
499122177
499122177
499122177
499122177
499122177
499122177
499122177
499122177
499122177
499122177
499122177
499122177
499122177
499122177
499122177
499122177
65939765
499122177
499122177
499122177
499122177
499122177
499122177
499122177
499122177
499122177
499122177
499122177
499122177
499122177
499122177
499122177
499122177
499122177
499122177
1
499122177
0
499122177
499122177
499122177
1
499122177
499122177
499122177
499122177
499122177
499122177
499122177
499122177
499122177
499122177
499122177
499122177
499122177
499122177
499122177
499122177
499122177
499122177
499122177
499122177
790020777
499122177
499122177
499122177
499122177
499122177
499122177
499122177
499122177
499122177
499122177
499122177
499122177
499122177
499122177
499122177
499122177
499122177
499122177
325515629
499122177
499122177
499122177
499122177
499122177
499122177
499122177
499122177
499122177
0
499122177
499122177
499122177
499122177
499122177
499122177
499122177
499122177
0
499122177
499122177
499122177
499122177
499122177
499122177
499122177
499122177
499122177
499122177
499122177
499122177
499122177
499122177
499122177
499122177
499122177
499122177
499122177
499122177
1
499122177
499122177
499122177
499122177
499122177
499122177
94596958
499122177
499122177
499122177
499122177
499122177
499122177
499122177
499122177
499122177
499122177
499122177
499122177
499122177
499122177
499122177
499122177
499122177
499122177
499122177
499122177
499122177
499122177
499122177
499122177
499122177
499122177
499122177
499122177
499122177
499122177
499122177
499122177
499122177
499122177
499122177
499122177
499122177
499122177
499122177
499122177
499122177
499122177
499122177
499122177
499122177
499122177
499122177
499122177
499122177
499122177
499122177
499122177
499122177
499122177
499122177
499122177
499122177
499122177
499122177
499122177
499122177
499122177
499122177
499122177
499122177
499122177
499122177
499122177
499122177
499122177
499122177
499122177
499122177
499122177
499122177
499122177
499122177
499122177
499122177
499122177
499122177
499122177
499122177
499122177
499122177
499122177
499122177
499122177
499122177
499122177
499122177
499122177
499122177
499122177
499122177
499122177
499122177
499122177
499122177
499122177
499122177
499122177
499122177
499122177
499122177
499122177
499122177
499122177
499122177
499122177
1
499122177
499122177
499122177
499122177
499122177
499122177
499122177
499122177
1
499122177
499122177
0
499122177
499122177
499122177
499122177
499122177
499122177
499122177
499122177
499122177
499122177
499122177
499122177
499122177
499122177
499122177
499122177
499122177
499122177
499122177
499122177
307411909
499122177
499122177
499122177
499122177
499122177
1
499122177
499122177
499122177
499122177
1
499122177
499122177
499122177
499122177
499122177
499122177
499122177
499122177
499122177
499122177
499122177
1
499122177
499122177
499122177
1
499122177
499122177
499122177
499122177
499122177
499122177
499122177
499122177
499122177
3222458
499122177
236042215
499122177
499122177
499122177
499122177
499122177
499122177
499122177
0
499122177
499122177
499122177
499122177
499122177
499122177
499122177
499122177
499122177
499122177
499122177
499122177
499122177
499122177
499122177
499122177
499122177
499122177
499122177
499122177
499122177
499122177
499122177
499122177
499122177
499122177
499122177
499122177
499122177
499122177
792111244
499122177
499122177
499122177
499122177
499122177
499122177
499122177
499122177
499122177
499122177
499122177
757665453
499122177
499122177
499122177
499122177
499122177
499122177
499122177
499122177
499122177
499122177
499122177
499122177
499122177
499122177
499122177
499122177
499122177
499122177
499122177
499122177
499122177
499122177
499122177
499122177
499122177
499122177
499122177
499122177
499122177
499122177
499122177
650162391
499122177
499122177
499122177
0
499122177
499122177
499122177
499122177
499122177
499122177
499122177
499122177
499122177
499122177
499122177
499122177
499122177
499122177
499122177
499122177
499122177
499122177
499122177
499122177
499122177
499122177
499122177
499122177
499122177
499122177
499122177
499122177
499122177
499122177
499122177
499122177
499122177
499122177
499122177
499122177
499122177
499122177
499122177
499122177
499122177
499122177
1
499122177
499122177
499122177
499122177
499122177
499122177
499122177
0
499122177
499122177
499122177
499122177
499122177
499122177
499122177
499122177
499122177
499122177
499122177
499122177
517577411
499122177
499122177
499122177
499122177
499122177
0
499122177
499122177
499122177
499122177
499122177
499122177
499122177
499122177
499122177
499122177
499122177
908615581
499122177
499122177
499122177
499122177
499122177
499122177
499122177
499122177
499122177
1
1
499122177
499122177
499122177
499122177
499122177
499122177
499122177
499122177
1
499122177
499122177
499122177
499122177
499122177
1
499122177
499122177
499122177
499122177
499122177
499122177
499122177
499122177
499122177
499122177
499122177
499122177
499122177
499122177
499122177
499122177
499122177
499122177
499122177
499122177
499122177
499122177
499122177
499122177
499122177
499122177
499122177
499122177
499122177
499122177
499122177
499122177
499122177
499122177
499122177
499122177
499122177
499122177
499122177
499122177
499122177
499122177
499122177
499122177
499122177
499122177
499122177
499122177
499122177
499122177
499122177
499122177
499122177
499122177
499122177
499122177
499122177
499122177
499122177
499122177
499122177
499122177
499122177
499122177
499122177
499122177
499122177
499122177
499122177
499122177
499122177
499122177
499122177
499122177
886675921
499122177
499122177
499122177
499122177
499122177
499122177
499122177
499122177
499122177
499122177
499122177
499122177
499122177
499122177
499122177
499122177
499122177
499122177
499122177
499122177
499122177
499122177
499122177
499122177
591608466
499122177
499122177
499122177
499122177
499122177
499122177
499122177
499122177
499122177
499122177
588717786
499122177
499122177
499122177
499122177
499122177
499122177
499122177
499122177
499122177
499122177
499122177
499122177
499122177
499122177
499122177
499122177
499122177
499122177
499122177
499122177
499122177
499122177
499122177
499122177
499122177
499122177
499122177
499122177
499122177
499122177
499122177
499122177
499122177
499122177
499122177
499122177
499122177
499122177
499122177
499122177
499122177
499122177
499122177
499122177
499122177
499122177
499122177
499122177
499122177
499122177
499122177
499122177
499122177
499122177
499122177
499122177
499122177
499122177
0
499122177
499122177
499122177
499122177
499122177
0
499122177
499122177
499122177
499122177
499122177
499122177
499122177
499122177
499122177
499122177
499122177
499122177
499122177
499122177
499122177
499122177
499122177
499122177
499122177
499122177
499122177
499122177
499122177
709646708
499122177
499122177
499122177
499122177
499122177
1
499122177
499122177
499122177
499122177
499122177
499122177
499122177
499122177
499122177
499122177
499122177
499122177
499122177
499122177
499122177
499122177
499122177
499122177
499122177
499122177
499122177
499122177
499122177
499122177
499122177
499122177
499122177
499122177
499122177
499122177
499122177
499122177
499122177
349799553
499122177
980354201
499122177
1
499122177
499122177
499122177
499122177
499122177
499122177
499122177
499122177
499122177
499122177
499122177
499122177
499122177
499122177
499122177
499122177
499122177
499122177
499122177
499122177
499122177
499122177
499122177
499122177
499122177
499122177
499122177
499122177
499122177
499122177
499122177
499122177
499122177
499122177
499122177
499122177
499122177
499122177
499122177
499122177
499122177
499122177
1
499122177
499122177
499122177
499122177
499122177
499122177
499122177
499122177
499122177
499122177
499122177
499122177
499122177
499122177
499122177
499122177
499122177
499122177
499122177
499122177
499122177
499122177
499122177
499122177
499122177
499122177
499122177
499122177
499122177
499122177
499122177
499122177
499122177
499122177
499122177
499122177
499122177
499122177
499122177
499122177
499122177
499122177
499122177
499122177
499122177
499122177
499122177
499122177
499122177
499122177
499122177
499122177
499122177
499122177
499122177
499122177
499122177
499122177
499122177
499122177
499122177
499122177
499122177
0
499122177
499122177
499122177
499122177
499122177
499122177
499122177
499122177
499122177
499122177
915373173
499122177
499122177
499122177
499122177
499122177
499122177
499122177
499122177
499122177
499122177
499122177
499122177
499122177
499122177
499122177
499122177
499122177
499122177
499122177
499122177
499122177
499122177
499122177
499122177
499122177
499122177
499122177
499122177
499122177
1
499122177
499122177
499122177
499122177
499122177
499122177
499122177
499122177
499122177
499122177
678416121
499122177
499122177
499122177
499122177
499122177
499122177
499122177
499122177
499122177
499122177
499122177
499122177
499122177
499122177
202150755
499122177
499122177
499122177
499122177
499122177
499122177
499122177
499122177
499122177
499122177
499122177
499122177
499122177
499122177
499122177
499122177
499122177
837593142
499122177
499122177
1
499122177
499122177
499122177
499122177
499122177
499122177
499122177
499122177
499122177
499122177
499122177
499122177
499122177
499122177
499122177
499122177
499122177
499122177
499122177
499122177
499122177
499122177
499122177
499122177
499122177
499122177
499122177
499122177
894690786
1
499122177
499122177
499122177
499122177
499122177
499122177
499122177
499122177
499122177
499122177
499122177
499122177
499122177
499122177
499122177
499122177
499122177
499122177
499122177
499122177
499122177
499122177
499122177
499122177
499122177
499122177
499122177
499122177
499122177
499122177
499122177
499122177
499122177
499122177
499122177
499122177
499122177
499122177
499122177
499122177
499122177
499122177
499122177
499122177
499122177
499122177
499122177
499122177
499122177
499122177
499122177
499122177
499122177
499122177
499122177
499122177
499122177
499122177
499122177
499122177
499122177
499122177
499122177
0
499122177
499122177
499122177
499122177
1
499122177
499122177
499122177
499122177
499122177
499122177
499122177
499122177
499122177
499122177
499122177
499122177
499122177
499122177
499122177
1
499122177
499122177
499122177
499122177
0
0
499122177
1
499122177
499122177
499122177
499122177
499122177
499122177
499122177
499122177
499122177
499122177
499122177
499122177
499122177
499122177
499122177
499122177
499122177
499122177
499122177
499122177
499122177
499122177
499122177
499122177
499122177
499122177
499122177
499122177
499122177
499122177
499122177
499122177
499122177
499122177
499122177
499122177
499122177
499122177
499122177
499122177
499122177
499122177
499122177
499122177
499122177
0
1
499122177
499122177
499122177
499122177
499122177
499122177
499122177
499122177
499122177
499122177
499122177
499122177
499122177
499122177
499122177
499122177
499122177
499122177
499122177
499122177
499122177
499122177
499122177
499122177
499122177
499122177
499122177
499122177
499122177
499122177
499122177
499122177
499122177
499122177
499122177
499122177
499122177
499122177
900287659
499122177
499122177
499122177
499122177
499122177
499122177
499122177
0
499122177
499122177
499122177
499122177
499122177
499122177
499122177
499122177
499122177
499122177
499122177
499122177
499122177
499122177
499122177
499122177
499122177
499122177
499122177
499122177
499122177
499122177
499122177
499122177
499122177
499122177
499122177
499122177
499122177
499122177
499122177
499122177
499122177
499122177
499122177
0
499122177
499122177
499122177
1
499122177
499122177
499122177
0
499122177
499122177
499122177
499122177
499122177
499122177
499122177
499122177
499122177
499122177
779763131
499122177
499122177
499122177
499122177
499122177
499122177
499122177
499122177
1
499122177
499122177
499122177
499122177
499122177
499122177
499122177
499122177
499122177
499122177
499122177
499122177
499122177
499122177
499122177
499122177
499122177
499122177
499122177
499122177
499122177
499122177
499122177
499122177
499122177
499122177
499122177
499122177
499122177
499122177
499122177
499122177
499122177
499122177
499122177
499122177
499122177
499122177
499122177
499122177
499122177
499122177
499122177
499122177
499122177
499122177
499122177
499122177
499122177
499122177
499122177
499122177
499122177
1
499122177
499122177
499122177
499122177
499122177
499122177
499122177
499122177
499122177
499122177
499122177
499122177
499122177
499122177
499122177
499122177
499122177
1
499122177
499122177
499122177
499122177
499122177
499122177
499122177
499122177
499122177
0
499122177
0
499122177
499122177
499122177
499122177
499122177
499122177
499122177
191859084
499122177
499122177
499122177
499122177
499122177
499122177
499122177
499122177
499122177
499122177
499122177
499122177
499122177
499122177
1
499122177
499122177
499122177
499122177
499122177
499122177
499122177
499122177
499122177
499122177
499122177
499122177
499122177
499122177
499122177
499122177
499122177
499122177
499122177
499122177
499122177
1
499122177
499122177
499122177
499122177
1
499122177
499122177
499122177
499122177
499122177
499122177
499122177
499122177
499122177
499122177
307920871
499122177
499122177
499122177
499122177
499122177
499122177
499122177
499122177
499122177
499122177
499122177
499122177
499122177
499122177
499122177
499122177
499122177
499122177
499122177
499122177
499122177
499122177
499122177
499122177
499122177
499122177
499122177
499122177
1
499122177
499122177
215757442
499122177
499122177
184099636
499122177
499122177
499122177
499122177
499122177
499122177
499122177
499122177
499122177
499122177
499122177
499122177
499122177
499122177
499122177
499122177
499122177
499122177
499122177
499122177
499122177
499122177
499122177
499122177
499122177
499122177
499122177
499122177
499122177
499122177
499122177
499122177
536691042
499122177
754449549
499122177
499122177
499122177
499122177
499122177
499122177
499122177
499122177
499122177
499122177
499122177
499122177
499122177
499122177
499122177
499122177
499122177
499122177
499122177
499122177
499122177
499122177
499122177
499122177
499122177
499122177
499122177
499122177
499122177
499122177
499122177
499122177
499122177
405271201
499122177
499122177
499122177
499122177
577048329
499122177
499122177
499122177
499122177
928573591
499122177
499122177
499122177
499122177
499122177
499122177
499122177
499122177
499122177
499122177
499122177
1
499122177
0
499122177
499122177
499122177
499122177
499122177
499122177
499122177
499122177
499122177
499122177
499122177
499122177
499122177
499122177
526319170
499122177
499122177
499122177
499122177
499122177
499122177
499122177
499122177
499122177
499122177
499122177
499122177
499122177
1
499122177
499122177
499122177
499122177
499122177
499122177
499122177
499122177
499122177
499122177
499122177
499122177
499122177
499122177
499122177
499122177
499122177
1
499122177
499122177
499122177
469314994
499122177
499122177
499122177
499122177
499122177
499122177
499122177
499122177
499122177
499122177
499122177
499122177
499122177
499122177
499122177
499122177
499122177
499122177
499122177
499122177
499122177
499122177
499122177
499122177
499122177
499122177
499122177
499122177
499122177
499122177
499122177
499122177
499122177
499122177
499122177
499122177
0
499122177
499122177
499122177
499122177
499122177
499122177
499122177
499122177
499122177
499122177
499122177
499122177
499122177
499122177
499122177
499122177
499122177
499122177
499122177
499122177
499122177
499122177
499122177
499122177
499122177
499122177
499122177
499122177
499122177
499122177
499122177
499122177
499122177
499122177
499122177
499122177
499122177
499122177
499122177
499122177
499122177
499122177
499122177
499122177
499122177
499122177
499122177
499122177
499122177
499122177
499122177
499122177
499122177
499122177
499122177
499122177
499122177
499122177
499122177
499122177
499122177
499122177
499122177
499122177
499122177
499122177
499122177
499122177
499122177
499122177
897481580
499122177
499122177
499122177
499122177
499122177
499122177
499122177
499122177
499122177
499122177
1
499122177
499122177
499122177
499122177
499122177
499122177
1
499122177
499122177
499122177
499122177
499122177
499122177
499122177
499122177
499122177
499122177
499122177
499122177
499122177
499122177
499122177
1
499122177
499122177
499122177
460300474
499122177
499122177
499122177
499122177
499122177
499122177
499122177
499122177
499122177
499122177
499122177
499122177
499122177
499122177
499122177
499122177
1225084
499122177
499122177
499122177
499122177
0
499122177
499122177
499122177
499122177
499122177
499122177
499122177
499122177
499122177
499122177
499122177
499122177
499122177
499122177
499122177
499122177
499122177
0
499122177
499122177
499122177
499122177
499122177
499122177
499122177
499122177
499122177
499122177
499122177
499122177
1
499122177
499122177
499122177
499122177
499122177
499122177
499122177
499122177
499122177
499122177
499122177
499122177
499122177
499122177
499122177
499122177
499122177
499122177
499122177
499122177
638291283
499122177
499122177
499122177
499122177
0
499122177
499122177
499122177
499122177
499122177
499122177
499122177
499122177
499122177
388997553
499122177
499122177
499122177
499122177
499122177
499122177
499122177
499122177
499122177
499122177
499122177
499122177
499122177
499122177
499122177
499122177
499122177
499122177
499122177
499122177
499122177
499122177
499122177
499122177
499122177
499122177
499122177
499122177
499122177
499122177
499122177
499122177
499122177
499122177
499122177
499122177
499122177
499122177
499122177
499122177
499122177
0
499122177
1
499122177
499122177
499122177
499122177
499122177
499122177
499122177
499122177
499122177
499122177
499122177
499122177
499122177
499122177
499122177
499122177
499122177
499122177
499122177
499122177
499122177
499122177
499122177
499122177
499122177
499122177
499122177
499122177
499122177
499122177
499122177
499122177
499122177
499122177
499122177
499122177
1
499122177
499122177
1
0
499122177
499122177
499122177
939378382
499122177
499122177
499122177
499122177
499122177
499122177
499122177
499122177
499122177
499122177
499122177
499122177
499122177
51448274
499122177
499122177
499122177
499122177
499122177
499122177
499122177
499122177
499122177
499122177
499122177
499122177
499122177
499122177
499122177
499122177
345078766
499122177
499122177
499122177
499122177
499122177
499122177
499122177
499122177
617167706
499122177
499122177
499122177
499122177
737138573
499122177
499122177
499122177
499122177
499122177
499122177
499122177
499122177
499122177
499122177
499122177
499122177
499122177
499122177
499122177
499122177
499122177
0
499122177
499122177
499122177
499122177
499122177
499122177
499122177
499122177
484366139
499122177
81021158
499122177
499122177
499122177
1
499122177
499122177
499122177
499122177
499122177
499122177
499122177
499122177
499122177
499122177
499122177
499122177
499122177
499122177
499122177
499122177
499122177
499122177
499122177
499122177
499122177
499122177
499122177
499122177
499122177
499122177
499122177
0
499122177
499122177
0
499122177
387487259
590019833
499122177
499122177
499122177
499122177
499122177
499122177
499122177
499122177
499122177
499122177
499122177
1
499122177
499122177
499122177
499122177
499122177
499122177
499122177
499122177
499122177
499122177
499122177
499122177
499122177
499122177
499122177
499122177
499122177
499122177
499122177
499122177
499122177
499122177
499122177
499122177
499122177
499122177
499122177
499122177
499122177
499122177
499122177
499122177
499122177
364780482
499122177
499122177
499122177
499122177
499122177
499122177
499122177
154479024
499122177
499122177
0
499122177
838223591
499122177
499122177
499122177
499122177
499122177
499122177
499122177
499122177
499122177
499122177
499122177
499122177
499122177
499122177
499122177
499122177
1
499122177
499122177
499122177
499122177
499122177
499122177
499122177
499122177
499122177
499122177
499122177
499122177
499122177
499122177
499122177
499122177
499122177
499122177
499122177
499122177
499122177
499122177
1
499122177
499122177
499122177
499122177
499122177
499122177
499122177
499122177
499122177
499122177
499122177
1
499122177
499122177
499122177
499122177
499122177
499122177
499122177
499122177
499122177
499122177
499122177
499122177
499122177
499122177
499122177
499122177
499122177
499122177
499122177
499122177
499122177
499122177
499122177
499122177
499122177
499122177
499122177
499122177
499122177
499122177
499122177
499122177
499122177
499122177
499122177
499122177
499122177
499122177
499122177
499122177
499122177
499122177
499122177
499122177
499122177
499122177
499122177
499122177
499122177
1
499122177
499122177
499122177
499122177
499122177
499122177
499122177
499122177
499122177
499122177
499122177
499122177
499122177
528984487
499122177
499122177
499122177
499122177
499122177
499122177
499122177
499122177
499122177
499122177
499122177
499122177
499122177
499122177
499122177
499122177
499122177
499122177
499122177
499122177
499122177
499122177
499122177
499122177
499122177
499122177
499122177
499122177
499122177
499122177
499122177
499122177
499122177
499122177
499122177
499122177
499122177
499122177
499122177
499122177
499122177
499122177
499122177
499122177
3529940
499122177
499122177
499122177
499122177
499122177
499122177
499122177
499122177
499122177
499122177
499122177
499122177
499122177
499122177
499122177
499122177
499122177
499122177
499122177
499122177
499122177
499122177
499122177
499122177
499122177
499122177
499122177
499122177
499122177
499122177
499122177
499122177
499122177
499122177
1
1
499122177
499122177
499122177
499122177
499122177
499122177
499122177
499122177
499122177
499122177
499122177
830778665
499122177
499122177
499122177
499122177
499122177
499122177
499122177
499122177
499122177
499122177
499122177
499122177
499122177
499122177
499122177
499122177
499122177
499122177
499122177
499122177
499122177
499122177
499122177
499122177
499122177
0
499122177
1
499122177
499122177
499122177
499122177
499122177
499122177
499122177
499122177
499122177
499122177
499122177
499122177
499122177
499122177
499122177
499122177
1
499122177
499122177
499122177
229900489
499122177
499122177
499122177
499122177
499122177
499122177
499122177
499122177
499122177
499122177
499122177
499122177
499122177
499122177
499122177
499122177
499122177
499122177
499122177
499122177
499122177
499122177
499122177
499122177
499122177
499122177
499122177
499122177
499122177
499122177
499122177
499122177
499122177
499122177
499122177
499122177
499122177
499122177
499122177
499122177
499122177
499122177
499122177
499122177
499122177
499122177
499122177
499122177
1
1
499122177
499122177
499122177
499122177
499122177
499122177
499122177
499122177
574812062
499122177
499122177
567352088
499122177
499122177
499122177
499122177
499122177
499122177
1
499122177
499122177
499122177
499122177
499122177
499122177
499122177
499122177
499122177
499122177
499122177
499122177
499122177
499122177
499122177
499122177
499122177
499122177
499122177
499122177
499122177
499122177
499122177
499122177
499122177
499122177
499122177
361240744
499122177
499122177
499122177
499122177
499122177
499122177
499122177
499122177
0
499122177
499122177
499122177
1
499122177
499122177
499122177
499122177
499122177
499122177
499122177
499122177
499122177
499122177
499122177
499122177
499122177
499122177
499122177
499122177
499122177
499122177
499122177
499122177
499122177
499122177
499122177
499122177
499122177
499122177
499122177
499122177
499122177
499122177
499122177
697341117
499122177
499122177
499122177
499122177
499122177
499122177
499122177
499122177
499122177
499122177
182174243
499122177
499122177
499122177
499122177
499122177
1
499122177
499122177
1
0
499122177
499122177
499122177
499122177
499122177
499122177
499122177
499122177
499122177
499122177
499122177
499122177
499122177
499122177
499122177
499122177
499122177
499122177
499122177
499122177
499122177
499122177
499122177
499122177
499122177
499122177
499122177
499122177
499122177
787285310
499122177
1
499122177
499122177
499122177
499122177
499122177
499122177
499122177
499122177
378407070
499122177
499122177
499122177
499122177
499122177
0
499122177
499122177
499122177
499122177
863746959
499122177
499122177
499122177
0
499122177
499122177
499122177
499122177
499122177
0
499122177
499122177
499122177
499122177
499122177
499122177
499122177
499122177
499122177
499122177
499122177
499122177
499122177
499122177
499122177
499122177
499122177
499122177
499122177
499122177
499122177
499122177
499122177
499122177
499122177
499122177
499122177
499122177
499122177
499122177
499122177
499122177
499122177
499122177
499122177
499122177
499122177
499122177
499122177
499122177
499122177
499122177
499122177
499122177
499122177
499122177
499122177
499122177
499122177
499122177
499122177
499122177
499122177
499122177
499122177
499122177
499122177
499122177
499122177
499122177
499122177
499122177
499122177
499122177
499122177
499122177
499122177
499122177
499122177
499122177
499122177
499122177
499122177
499122177
499122177
499122177
499122177
499122177
1
499122177
499122177
499122177
499122177
499122177
499122177
499122177
499122177
499122177
499122177
499122177
499122177
499122177
499122177
499122177
499122177
499122177
499122177
499122177
238896726
1
499122177
499122177
499122177
499122177
1
499122177
499122177
499122177
499122177
499122177
499122177
499122177
26680104
499122177
499122177
499122177
499122177
499122177
499122177
499122177
499122177
499122177
499122177
499122177
499122177
499122177
499122177
499122177
1
499122177
499122177
499122177
499122177
499122177
499122177
499122177
499122177
499122177
499122177
499122177
499122177
499122177
499122177
499122177
499122177
499122177
499122177
499122177
499122177
499122177
499122177
647603488
499122177
499122177
499122177
1
499122177
499122177
499122177
499122177
499122177
499122177
499122177
499122177
499122177
499122177
499122177
499122177
499122177
499122177
499122177
499122177
499122177
499122177
499122177
499122177
499122177
499122177
499122177
499122177
499122177
499122177
499122177
499122177
499122177
499122177
499122177
499122177
499122177
499122177
499122177
499122177
499122177
499122177
499122177
499122177
499122177
499122177
499122177
499122177
499122177
499122177
499122177
499122177
499122177
499122177
499122177
499122177
499122177
499122177
499122177
499122177
499122177
499122177
499122177
499122177
499122177
499122177
499122177
499122177
499122177
499122177
499122177
499122177
499122177
1
499122177
499122177
499122177
499122177
499122177
499122177
1
499122177
499122177
499122177
499122177
499122177
499122177
499122177
499122177
499122177
499122177
499122177
499122177
499122177
499122177
499122177
499122177
499122177
499122177
49421162
499122177
499122177
499122177
499122177
499122177
499122177
499122177
499122177
499122177
499122177
499122177
499122177
499122177
499122177
499122177
499122177
499122177
499122177
499122177
499122177
499122177
499122177
499122177
499122177
499122177
134223624
499122177
499122177
499122177
499122177
499122177
499122177
499122177
499122177
499122177
499122177
499122177
499122177
499122177
499122177
499122177
499122177
499122177
499122177
499122177
499122177
499122177
499122177
499122177
499122177
499122177
499122177
499122177
499122177
499122177
499122177
499122177
499122177
499122177
499122177
499122177
499122177
499122177
499122177
499122177
499122177
499122177
499122177
603638318
499122177
499122177
499122177
200209029
499122177
499122177
499122177
499122177
499122177
499122177
1
499122177
499122177
499122177
499122177
499122177
499122177
499122177
499122177
499122177
499122177
499122177
0
499122177
499122177
499122177
1
499122177
499122177
499122177
959269702
499122177
499122177
1
499122177
499122177
499122177
499122177
499122177
499122177
499122177
499122177
499122177
499122177
499122177
499122177
499122177
499122177
499122177
499122177
499122177
499122177
499122177
499122177
499122177
499122177
643470182
499122177
499122177
499122177
499122177
499122177
499122177
499122177
993988733
499122177
1
499122177
499122177
499122177
0
499122177
499122177
499122177
1
499122177
499122177
499122177
499122177
499122177
499122177
499122177
499122177
499122177
499122177
499122177
499122177
499122177
499122177
499122177
499122177
499122177
499122177
499122177
499122177
499122177
499122177
499122177
499122177
499122177
499122177
499122177
499122177
499122177
499122177
499122177
499122177
499122177
499122177
499122177
499122177
499122177
499122177
499122177
48657344
499122177
499122177
499122177
499122177
499122177
499122177
499122177
499122177
499122177
499122177
499122177
499122177
499122177
963368485
499122177
499122177
499122177
499122177
499122177
499122177
20142230
499122177
499122177
1
499122177
1
499122177
499122177
499122177
499122177
499122177
499122177
499122177
499122177
499122177
499122177
499122177
499122177
606396051
0
499122177
499122177
499122177
499122177
499122177
499122177
499122177
499122177
499122177
499122177
499122177
499122177
499122177
499122177
499122177
499122177
499122177
499122177
499122177
499122177
499122177
499122177
499122177
499122177
499122177
499122177
499122177
499122177
499122177
499122177
499122177
499122177
499122177
499122177
499122177
499122177
499122177
499122177
499122177
499122177
499122177
499122177
499122177
499122177
499122177
499122177
499122177
499122177
499122177
499122177
499122177
499122177
499122177
499122177
499122177
90080678
499122177
499122177
499122177
499122177
499122177
499122177
499122177
499122177
499122177
499122177
499122177
499122177
499122177
499122177
499122177
499122177
499122177
499122177
499122177
1
499122177
499122177
499122177
499122177
1
499122177
499122177
499122177
499122177
499122177
499122177
499122177
499122177
499122177
499122177
837818470
499122177
499122177
499122177
1
499122177
499122177
499122177
499122177
499122177
499122177
499122177
499122177
499122177
499122177
499122177
499122177
499122177
499122177
499122177
499122177
1
499122177
499122177
499122177
499122177
499122177
499122177
429934399
499122177
499122177
499122177
1
499122177
499122177
499122177
499122177
0
499122177
499122177
499122177
499122177
499122177
499122177
499122177
499122177
499122177
499122177
499122177
499122177
499122177
499122177
499122177
799595222
499122177
499122177
499122177
499122177
499122177
499122177
499122177
499122177
499122177
499122177
499122177
499122177
499122177
499122177
499122177
499122177
499122177
499122177
499122177
499122177
499122177
499122177
499122177
499122177
0
499122177
499122177
499122177
499122177
499122177
499122177
499122177
499122177
499122177
499122177
499122177
499122177
499122177
499122177
499122177
499122177
499122177
499122177
499122177
499122177
0
499122177
499122177
499122177
499122177
499122177
499122177
499122177
1
499122177
499122177
499122177
499122177
499122177
499122177
499122177
499122177
499122177
499122177
499122177
499122177
499122177
499122177
499122177
499122177
499122177
499122177
499122177
499122177
499122177
499122177
499122177
499122177
499122177
499122177
499122177
499122177
499122177
499122177
499122177
499122177
499122177
499122177
499122177
499122177
499122177
499122177
499122177
499122177
499122177
499122177
499122177
499122177
499122177
499122177
499122177
499122177
499122177
1
499122177
499122177
499122177
499122177
499122177
499122177
499122177
499122177
499122177
499122177
499122177
499122177
499122177
499122177
969554064
499122177
499122177
499122177
499122177
499122177
499122177
499122177
499122177
0
499122177
499122177
499122177
499122177
499122177
499122177
499122177
499122177
499122177
499122177
499122177
499122177
1
499122177
499122177
636446129
499122177
499122177
499122177
499122177
499122177
499122177
499122177
499122177
499122177
499122177
499122177
499122177
499122177
499122177
499122177
499122177
499122177
499122177
543869307
499122177
499122177
499122177
499122177
499122177
499122177
499122177
499122177
499122177
499122177
499122177
499122177
499122177
499122177
499122177
499122177
499122177
499122177
499122177
1
499122177
499122177
499122177
499122177
1
0
499122177
499122177
499122177
499122177
499122177
499122177
499122177
499122177
499122177
499122177
499122177
499122177
499122177
499122177
499122177
499122177
499122177
499122177
499122177
499122177
499122177
499122177
499122177
499122177
499122177
499122177
499122177
499122177
499122177
499122177
499122177
499122177
499122177
499122177
499122177
1
499122177
18302972
499122177
499122177
499122177
554211473
499122177
499122177
499122177
499122177
499122177
499122177
499122177
499122177
499122177
499122177
499122177
499122177
499122177
499122177
499122177
499122177
499122177
499122177
499122177
499122177
499122177
499122177
499122177
499122177
499122177
499122177
499122177
499122177
499122177
499122177
499122177
499122177
499122177
499122177
499122177
499122177
499122177
499122177
499122177
499122177
499122177
499122177
499122177
718176394
499122177
499122177
499122177
499122177
499122177
499122177
499122177
499122177
499122177
499122177
499122177
499122177
499122177
499122177
499122177
499122177
499122177
499122177
499122177
499122177
1
499122177
499122177
499122177
499122177
499122177
499122177
499122177
499122177
499122177
499122177
499122177
499122177
499122177
499122177
499122177
499122177
499122177
499122177
499122177
499122177
499122177
499122177
499122177
499122177
499122177
499122177
499122177
499122177
499122177
499122177
499122177
499122177
499122177
499122177
499122177
499122177
499122177
499122177
499122177
499122177
499122177
499122177
499122177
499122177
1
1
499122177
499122177
499122177
499122177
499122177
499122177
499122177
499122177
499122177
499122177
499122177
499122177
499122177
499122177
499122177
499122177
499122177
499122177
499122177
0
499122177
499122177
499122177
1
499122177
499122177
499122177
499122177
499122177
499122177
499122177
499122177
499122177
499122177
499122177
499122177
499122177
499122177
499122177
499122177
499122177
499122177
499122177
499122177
499122177
499122177
499122177
499122177
499122177
0
499122177
1
499122177
499122177
499122177
499122177
499122177
499122177
499122177
499122177
499122177
499122177
499122177
499122177
499122177
499122177
499122177
499122177
499122177
499122177
499122177
499122177
499122177
499122177
499122177
499122177
499122177
499122177
499122177
499122177
499122177
499122177
499122177
499122177
499122177
499122177
499122177
499122177
499122177
499122177
499122177
499122177
499122177
499122177
499122177
499122177
499122177
499122177
499122177
499122177
499122177
499122177
499122177
499122177
499122177
499122177
499122177
499122177
499122177
499122177
499122177
499122177
499122177
499122177
499122177
499122177
499122177
511020551
499122177
499122177
499122177
499122177
499122177
499122177
499122177
499122177
499122177
499122177
499122177
499122177
499122177
499122177
499122177
499122177
499122177
499122177
499122177
499122177
499122177
499122177
499122177
499122177
499122177
1
499122177
162867154
499122177
499122177
499122177
499122177
499122177
499122177
499122177
499122177
499122177
499122177
499122177
499122177
499122177
478282839
499122177
499122177
243081445
499122177
499122177
499122177
237656849
499122177
499122177
499122177
499122177
1
499122177
499122177
499122177
499122177
499122177
499122177
499122177
499122177
499122177
499122177
499122177
499122177
499122177
499122177
499122177
499122177
499122177
499122177
499122177
499122177
499122177
499122177
499122177
499122177
499122177
499122177
1
246375323
499122177
499122177
499122177
499122177
499122177
499122177
499122177
499122177
499122177
499122177
499122177
499122177
499122177
499122177
499122177
0
499122177
1
499122177
499122177
499122177
499122177
499122177
499122177
499122177
499122177
499122177
499122177
499122177
499122177
1
499122177
499122177
499122177
499122177
499122177
499122177
499122177
499122177
499122177
499122177
499122177
499122177
499122177
499122177
499122177
499122177
499122177
499122177
499122177
1
499122177
1
499122177
499122177
9415395
499122177
131184909
499122177
499122177
431091542
499122177
499122177
499122177
499122177
499122177
499122177
499122177
838606516
499122177
499122177
499122177
499122177
499122177
499122177
499122177
499122177
499122177
252093711
499122177
499122177
499122177
499122177
499122177
499122177
499122177
499122177
499122177
499122177
499122177
499122177
499122177
499122177
499122177
499122177
499122177
499122177
499122177
499122177
499122177
499122177
499122177
499122177
499122177
499122177
499122177
499122177
499122177
499122177
499122177
499122177
499122177
609833919
499122177
499122177
499122177
499122177
499122177
499122177
499122177
499122177
499122177
499122177
499122177
499122177
499122177
499122177
499122177
499122177
499122177
1
499122177
499122177
499122177
499122177
499122177
499122177
499122177
499122177
499122177
499122177
499122177
499122177
499122177
499122177
499122177
499122177
499122177
499122177
499122177
499122177
499122177
499122177
499122177
499122177
499122177
499122177
499122177
499122177
1
499122177
499122177
499122177
1
499122177
499122177
499122177
499122177
499122177
499122177
499122177
499122177
499122177
499122177
499122177
499122177
499122177
499122177
499122177
499122177
499122177
499122177
499122177
499122177
499122177
499122177
499122177
499122177
499122177
499122177
499122177
499122177
499122177
499122177
499122177
499122177
499122177
499122177
499122177
499122177
499122177
499122177
499122177
499122177
499122177
499122177
499122177
800106553
499122177
499122177
499122177
499122177
499122177
499122177
499122177
499122177
499122177
499122177
499122177
499122177
499122177
499122177
499122177
499122177
499122177
499122177
499122177
499122177
499122177
499122177
499122177
499122177
499122177
499122177
499122177
499122177
499122177
499122177
499122177
499122177
168399827
499122177
499122177
499122177
499122177
499122177
499122177
499122177
499122177
499122177
499122177
499122177
499122177
499122177
499122177
499122177
499122177
499122177
0
499122177
499122177
499122177
499122177
499122177
499122177
499122177
499122177
499122177
706758100
1
1
499122177
499122177
499122177
499122177
499122177
499122177
499122177
499122177
499122177
499122177
499122177
499122177
499122177
499122177
499122177
499122177
499122177
499122177
499122177
499122177
499122177
499122177
499122177
0
499122177
499122177
499122177
499122177
499122177
499122177
499122177
499122177
499122177
499122177
499122177
499122177
499122177
499122177
499122177
1
499122177
499122177
499122177
499122177
499122177
499122177
1
499122177
499122177
1
499122177
499122177
1
499122177
499122177
499122177
499122177
499122177
499122177
499122177
499122177
499122177
499122177
499122177
499122177
499122177
499122177
499122177
499122177
499122177
499122177
499122177
499122177
499122177
499122177
499122177
499122177
499122177
499122177
499122177
499122177
499122177
499122177
499122177
499122177
499122177
499122177
499122177
499122177
499122177
499122177
499122177
499122177
1
499122177
499122177
499122177
499122177
608519059
499122177
499122177
499122177
499122177
499122177
499122177
499122177
499122177
499122177
499122177
499122177
499122177
499122177
499122177
499122177
499122177
499122177
499122177
822504117
499122177
499122177
1
499122177
499122177
499122177
499122177
0
499122177
499122177
499122177
499122177
955581564
499122177
499122177
499122177
499122177
499122177
499122177
499122177
499122177
499122177
499122177
499122177
499122177
499122177
499122177
499122177
499122177
499122177
499122177
499122177
499122177
499122177
499122177
499122177
1
499122177
499122177
499122177
499122177
499122177
499122177
499122177
499122177
499122177
1
499122177
499122177
499122177
499122177
499122177
499122177
499122177
499122177
499122177
499122177
499122177
499122177
499122177
499122177
499122177
499122177
499122177
499122177
499122177
499122177
499122177
499122177
499122177
499122177
499122177
499122177
499122177
499122177
499122177
499122177
499122177
499122177
499122177
499122177
499122177
499122177
499122177
499122177
499122177
1
1
499122177
499122177
499122177
499122177
499122177
1
499122177
499122177
499122177
499122177
499122177
499122177
499122177
499122177
499122177
499122177
499122177
499122177
499122177
499122177
499122177
499122177
499122177
499122177
499122177
86665567
499122177
499122177
499122177
499122177
499122177
499122177
499122177
499122177
499122177
92148803
499122177
499122177
499122177
499122177
499122177
499122177
499122177
499122177
499122177
499122177
499122177
499122177
499122177
499122177
499122177
499122177
499122177
499122177
499122177
499122177
499122177
499122177
499122177
499122177
499122177
499122177
499122177
499122177
499122177
499122177
499122177
1
499122177
499122177
499122177
499122177
499122177
499122177
499122177
499122177
499122177
499122177
1
499122177
499122177
499122177
499122177
499122177
499122177
499122177
5643681
499122177
499122177
499122177
499122177
0
499122177
499122177
499122177
499122177
0
499122177
499122177
499122177
499122177
499122177
499122177
499122177
0
499122177
499122177
499122177
499122177
499122177
499122177
499122177
499122177
499122177
499122177
499122177
499122177
499122177
499122177
499122177
499122177
499122177
499122177
499122177
499122177
499122177
499122177
499122177
499122177
499122177
499122177
499122177
0
499122177
499122177
499122177
1
499122177
499122177
499122177
499122177
499122177
499122177
499122177
322375473
499122177
499122177
499122177
499122177
499122177
499122177
499122177
499122177
499122177
499122177
499122177
499122177
499122177
499122177
499122177
499122177
499122177
499122177
499122177
499122177
499122177
499122177
499122177
499122177
499122177
499122177
499122177
499122177
499122177
499122177
594664227
499122177
499122177
1
499122177
499122177
499122177
753431283
499122177
499122177
1
499122177
499122177
499122177
499122177
499122177
499122177
499122177
499122177
499122177
499122177
499122177
499122177
499122177
499122177
499122177
499122177
499122177
499122177
499122177
499122177
499122177
499122177
499122177
499122177
499122177
499122177
499122177
499122177
499122177
499122177
499122177
499122177
499122177
499122177
499122177
499122177
499122177
499122177
499122177
499122177
499122177
499122177
499122177
499122177
499122177
499122177
499122177
499122177
499122177
499122177
499122177
499122177
499122177
499122177
1
499122177
499122177
499122177
499122177
499122177
1
499122177
499122177
499122177
499122177
499122177
499122177
499122177
499122177
499122177
499122177
499122177
499122177
499122177
499122177
499122177
499122177
499122177
428204747
499122177
499122177
499122177
499122177
499122177
499122177
499122177
499122177
499122177
499122177
499122177
499122177
499122177
499122177
499122177
499122177
499122177
499122177
499122177
499122177
499122177
499122177
499122177
499122177
499122177
499122177
499122177
499122177
1
499122177
499122177
499122177
499122177
499122177
499122177
499122177
499122177
499122177
499122177
499122177
499122177
499122177
499122177
499122177
499122177
499122177
499122177
499122177
499122177
499122177
180220700
1
499122177
499122177
499122177
499122177
1
499122177
499122177
499122177
499122177
499122177
499122177
499122177
499122177
499122177
499122177
499122177
499122177
499122177
499122177
499122177
499122177
499122177
499122177
499122177
499122177
499122177
499122177
499122177
499122177
499122177
499122177
499122177
499122177
499122177
499122177
499122177
499122177
499122177
499122177
499122177
499122177
1
499122177
499122177
499122177
499122177
499122177
499122177
499122177
499122177
499122177
499122177
499122177
499122177
499122177
499122177
499122177
499122177
499122177
499122177
499122177
499122177
499122177
499122177
499122177
499122177
499122177
499122177
499122177
499122177
499122177
499122177
499122177
1
499122177
499122177
499122177
499122177
499122177
499122177
499122177
499122177
499122177
499122177
499122177
1
499122177
499122177
499122177
499122177
499122177
499122177
499122177
499122177
499122177
499122177
499122177
499122177
499122177
499122177
499122177
499122177
499122177
499122177
499122177
0
499122177
499122177
499122177
499122177
499122177
499122177
499122177
499122177
499122177
499122177
499122177
499122177
499122177
499122177
499122177
499122177
1
499122177
499122177
499122177
499122177
499122177
499122177
499122177
499122177
499122177
499122177
1
499122177
499122177
499122177
499122177
499122177
499122177
789725104
499122177
499122177
499122177
499122177
499122177
499122177
499122177
499122177
499122177
499122177
499122177
499122177
499122177
499122177
499122177
499122177
499122177
499122177
499122177
499122177
499122177
499122177
499122177
499122177
499122177
499122177
499122177
499122177
499122177
499122177
499122177
499122177
499122177
499122177
499122177
499122177
499122177
499122177
499122177
499122177
499122177
499122177
499122177
499122177
499122177
499122177
499122177
499122177
499122177
1
499122177
499122177
1
499122177
499122177
499122177
499122177
499122177
499122177
499122177
499122177
499122177
499122177
499122177
499122177
499122177
499122177
499122177
499122177
499122177
499122177
499122177
499122177
1
499122177
499122177
499122177
499122177
499122177
499122177
499122177
721136465
499122177
499122177
499122177
499122177
499122177
499122177
499122177
499122177
499122177
821361315
499122177
499122177
499122177
499122177
499122177
499122177
499122177
499122177
499122177
499122177
499122177
499122177
499122177
499122177
499122177
499122177
499122177
499122177
499122177
499122177
499122177
499122177
895294410
499122177
499122177
499122177
499122177
499122177
499122177
499122177
499122177
499122177
499122177
499122177
499122177
499122177
499122177
499122177
499122177
499122177
499122177
499122177
499122177
499122177
499122177
0
499122177
499122177
499122177
499122177
499122177
499122177
499122177
499122177
157513227
499122177
499122177
499122177
499122177
499122177
499122177
499122177
499122177
499122177
499122177
499122177
499122177
499122177
499122177
499122177
499122177
499122177
499122177
499122177
499122177
499122177
499122177
499122177
499122177
499122177
499122177
499122177
499122177
499122177
44443152
499122177
499122177
499122177
499122177
499122177
499122177
499122177
499122177
499122177
499122177
499122177
499122177
499122177
499122177
499122177
499122177
499122177
499122177
499122177
499122177
499122177
499122177
1
499122177
499122177
499122177
499122177
499122177
499122177
1
499122177
499122177
499122177
499122177
499122177
499122177
499122177
499122177
499122177
499122177
0
499122177
499122177
499122177
499122177
499122177
499122177
499122177
499122177
499122177
499122177
499122177
499122177
499122177
499122177
499122177
499122177
499122177
499122177
499122177
499122177
499122177
499122177
499122177
499122177
499122177
499122177
499122177
499122177
499122177
1
499122177
499122177
499122177
499122177
499122177
499122177
499122177
499122177
499122177
499122177
499122177
499122177
499122177
499122177
499122177
499122177
499122177
499122177
499122177
499122177
499122177
499122177
499122177
499122177
499122177
499122177
499122177
499122177
499122177
499122177
499122177
499122177
499122177
499122177
499122177
499122177
499122177
499122177
499122177
499122177
499122177
499122177
499122177
499122177
499122177
499122177
499122177
499122177
499122177
499122177
499122177
499122177
499122177
0
499122177
499122177
499122177
499122177
499122177
499122177
499122177
499122177
499122177
499122177
1
499122177
499122177
499122177
499122177
499122177
499122177
499122177
499122177
499122177
1
1
499122177
499122177
499122177
499122177
499122177
499122177
499122177
499122177
499122177
499122177
499122177
499122177
499122177
499122177
499122177
499122177
499122177
499122177
499122177
499122177
499122177
616725396
499122177
499122177
499122177
499122177
499122177
499122177
499122177
499122177
499122177
472941772
499122177
499122177
499122177
499122177
499122177
499122177
499122177
499122177
499122177
499122177
499122177
499122177
499122177
499122177
499122177
499122177
499122177
499122177
499122177
499122177
499122177
499122177
499122177
499122177
499122177
499122177
990795056
499122177
499122177
499122177
499122177
499122177
810332774
499122177
499122177
499122177
984478483
499122177
499122177
499122177
499122177
499122177
499122177
499122177
499122177
499122177
499122177
499122177
499122177
499122177
499122177
499122177
499122177
499122177
499122177
499122177
499122177
499122177
1
499122177
499122177
499122177
499122177
499122177
499122177
499122177
499122177
499122177
499122177
1
499122177
499122177
499122177
499122177
499122177
328988005
499122177
499122177
499122177
499122177
499122177
499122177
499122177
499122177
60411990
142284468
499122177
499122177
499122177
499122177
499122177
274034518
499122177
499122177
499122177
499122177
499122177
499122177
499122177
499122177
499122177
499122177
0
499122177
499122177
499122177
647163431
499122177
499122177
937289468
499122177
499122177
499122177
499122177
499122177
499122177
499122177
499122177
499122177
499122177
499122177
499122177
499122177
499122177
499122177
499122177
1
499122177
499122177
499122177
499122177
499122177
1
499122177
499122177
499122177
1
499122177
499122177
499122177
499122177
499122177
499122177
499122177
499122177
499122177
499122177
499122177
499122177
499122177
499122177
499122177
499122177
499122177
499122177
499122177
499122177
499122177
499122177
499122177
499122177
499122177
499122177
499122177
499122177
499122177
499122177
499122177
499122177
499122177
499122177
499122177
313412717
1
499122177
499122177
499122177
499122177
499122177
499122177
499122177
499122177
499122177
499122177
499122177
499122177
499122177
499122177
499122177
499122177
499122177
499122177
499122177
499122177
499122177
499122177
499122177
499122177
499122177
499122177
499122177
499122177
499122177
499122177
499122177
499122177
499122177
499122177
499122177
499122177
499122177
499122177
507489096
499122177
499122177
499122177
499122177
0
499122177
499122177
499122177
499122177
499122177
499122177
1
499122177
499122177
499122177
499122177
499122177
499122177
499122177
499122177
499122177
499122177
499122177
499122177
499122177
499122177
499122177
499122177
499122177
499122177
499122177
499122177
499122177
499122177
499122177
499122177
499122177
499122177
499122177
499122177
499122177
499122177
499122177
499122177
499122177
499122177
499122177
499122177
499122177
499122177
499122177
499122177
499122177
499122177
499122177
499122177
499122177
499122177
499122177
271411435
499122177
499122177
499122177
499122177
499122177
499122177
1
499122177
499122177
499122177
499122177
499122177
499122177
499122177
499122177
499122177
499122177
499122177
499122177
499122177
499122177
499122177
499122177
499122177
499122177
499122177
499122177
499122177
499122177
499122177
499122177
499122177
499122177
499122177
499122177
499122177
499122177
499122177
499122177
499122177
499122177
499122177
499122177
499122177
499122177
499122177
499122177
499122177
499122177
499122177
499122177
499122177
499122177
0
499122177
499122177
499122177
499122177
499122177
499122177
499122177
499122177
499122177
499122177
754896572
499122177
815889218
499122177
499122177
499122177
499122177
499122177
499122177
499122177
499122177
499122177
499122177
499122177
499122177
499122177
499122177
499122177
499122177
170850883
499122177
499122177
499122177
499122177
499122177
922980472
499122177
499122177
1
499122177
499122177
499122177
499122177
499122177
499122177
499122177
499122177
499122177
499122177
499122177
499122177
499122177
499122177
499122177
1
499122177
499122177
499122177
499122177
499122177
499122177
499122177
499122177
499122177
499122177
499122177
499122177
499122177
499122177
499122177
499122177
499122177
499122177
499122177
499122177
499122177
499122177
499122177
499122177
499122177
499122177
499122177
499122177
499122177
499122177
125360320
499122177
499122177
499122177
499122177
499122177
499122177
499122177
499122177
499122177
499122177
1
499122177
499122177
499122177
499122177
499122177
499122177
499122177
499122177
499122177
499122177
499122177
499122177
499122177
499122177
499122177
499122177
499122177
499122177
499122177
499122177
499122177
499122177
499122177
499122177
499122177
499122177
499122177
499122177
499122177
1
499122177
499122177
499122177
499122177
499122177
499122177
499122177
499122177
797755362
499122177
499122177
499122177
499122177
499122177
499122177
499122177
0
567044405
499122177
499122177
499122177
499122177
499122177
499122177
0
499122177
499122177
499122177
499122177
499122177
499122177
499122177
499122177
499122177
499122177
499122177
499122177
499122177
499122177
499122177
499122177
1
499122177
499122177
499122177
1
499122177
499122177
499122177
499122177
499122177
499122177
499122177
499122177
499122177
499122177
499122177
499122177
499122177
499122177
499122177
499122177
499122177
499122177
499122177
499122177
499122177
499122177
499122177
1
499122177
499122177
499122177
499122177
499122177
499122177
499122177
499122177
499122177
499122177
499122177
97827335
499122177
499122177
499122177
499122177
499122177
499122177
499122177
499122177
499122177
499122177
499122177
499122177
499122177
499122177
499122177
499122177
499122177
499122177
1
499122177
499122177
499122177
499122177
613924173
499122177
499122177
499122177
499122177
499122177
499122177
499122177
499122177
499122177
499122177
499122177
499122177
499122177
499122177
499122177
499122177
499122177
499122177
499122177
499122177
499122177
499122177
499122177
499122177
499122177
499122177
499122177
499122177
499122177
499122177
499122177
499122177
499122177
499122177
499122177
499122177
499122177
499122177
499122177
499122177
499122177
499122177
499122177
499122177
499122177
499122177
0
499122177
499122177
499122177
499122177
499122177
499122177
499122177
499122177
499122177
1
499122177
499122177
499122177
499122177
499122177
499122177
499122177
499122177
499122177
499122177
499122177
499122177
499122177
499122177
499122177
499122177
499122177
499122177
499122177
499122177
0
499122177
499122177
499122177
499122177
499122177
499122177
499122177
499122177
499122177
274226328
0
499122177
499122177
499122177
499122177
499122177
499122177
499122177
499122177
499122177
499122177
499122177
499122177
579598427
499122177
499122177
499122177
499122177
499122177
499122177
499122177
499122177
499122177
499122177
499122177
499122177
499122177
499122177
499122177
499122177
499122177
499122177
499122177
499122177
499122177
499122177
499122177
499122177
499122177
1
499122177
499122177
499122177
499122177
499122177
499122177
499122177
499122177
499122177
499122177
499122177
499122177
499122177
499122177
499122177
499122177
499122177
499122177
499122177
499122177
499122177
499122177
499122177
499122177
499122177
499122177
499122177
499122177
499122177
499122177
499122177
499122177
499122177
499122177
499122177
499122177
499122177
499122177
499122177
499122177
499122177
499122177
499122177
499122177
499122177
499122177
499122177
513164181
499122177
499122177
499122177
499122177
499122177
499122177
499122177
499122177
499122177
499122177
499122177
499122177
499122177
82608814
499122177
499122177
499122177
499122177
499122177
1
499122177
1
499122177
499122177
499122177
499122177
499122177
499122177
499122177
499122177
499122177
499122177
499122177
499122177
499122177
499122177
499122177
265875280
499122177
499122177
499122177
499122177
499122177
499122177
499122177
499122177
499122177
499122177
499122177
499122177
499122177
499122177
499122177
499122177
499122177
499122177
1
499122177
499122177
499122177
499122177
499122177
499122177
499122177
499122177
499122177
499122177
499122177
499122177
499122177
499122177
499122177
499122177
499122177
499122177
499122177
499122177
499122177
499122177
499122177
499122177
499122177
499122177
499122177
499122177
499122177
499122177
499122177
499122177
499122177
499122177
499122177
499122177
499122177
0
499122177
499122177
1
499122177
499122177
499122177
499122177
499122177
499122177
499122177
499122177
499122177
499122177
499122177
499122177
499122177
499122177
499122177
499122177
499122177
499122177
499122177
499122177
1
1
499122177
499122177
499122177
1
1
499122177
499122177
499122177
499122177
499122177
499122177
499122177
499122177
499122177
499122177
499122177
499122177
499122177
499122177
499122177
499122177
499122177
499122177
499122177
499122177
499122177
499122177
499122177
499122177
499122177
499122177
499122177
499122177
499122177
499122177
499122177
499122177
499122177
499122177
499122177
499122177
499122177
499122177
499122177
499122177
499122177
499122177
499122177
499122177
499122177
499122177
499122177
499122177
499122177
499122177
499122177
499122177
499122177
499122177
499122177
499122177
499122177
499122177
499122177
499122177
499122177
499122177
499122177
499122177
499122177
499122177
0
499122177
499122177
499122177
499122177
499122177
499122177
499122177
499122177
499122177
499122177
499122177
499122177
499122177
499122177
499122177
499122177
499122177
499122177
499122177
499122177
499122177
499122177
362235529
827178566
499122177
499122177
499122177
499122177
499122177
499122177
499122177
1
499122177
499122177
499122177
499122177
499122177
499122177
499122177
499122177
499122177
499122177
499122177
499122177
499122177
499122177
499122177
499122177
499122177
499122177
499122177
499122177
499122177
499122177
499122177
499122177
499122177
1
499122177
499122177
499122177
499122177
499122177
499122177
499122177
499122177
499122177
499122177
499122177
499122177
499122177
499122177
499122177
499122177
499122177
499122177
499122177
499122177
499122177
499122177
499122177
499122177
499122177
499122177
499122177
499122177
499122177
499122177
499122177
499122177
499122177
499122177
499122177
499122177
499122177
1
499122177
499122177
499122177
499122177
499122177
499122177
499122177
499122177
499122177
499122177
0
499122177
499122177
499122177
499122177
499122177
499122177
499122177
499122177
0
499122177
499122177
499122177
499122177
499122177
499122177
499122177
499122177
499122177
499122177
499122177
499122177
499122177
499122177
65210998
499122177
499122177
499122177
499122177
1
499122177
499122177
499122177
499122177
499122177
499122177
499122177
499122177
499122177
499122177
1
499122177
499122177
499122177
499122177
201800920
499122177
499122177
499122177
499122177
499122177
499122177
499122177
499122177
499122177
499122177
499122177
499122177
499122177
499122177
499122177
499122177
499122177
499122177
499122177
499122177
499122177
499122177
499122177
901835721
660131833
499122177
499122177
499122177
1
499122177
499122177
499122177
499122177
499122177
499122177
499122177
499122177
499122177
499122177
499122177
499122177
499122177
499122177
499122177
499122177
499122177
499122177
499122177
1
499122177
499122177
499122177
499122177
499122177
499122177
499122177
499122177
499122177
499122177
499122177
499122177
499122177
499122177
499122177
499122177
499122177
499122177
499122177
499122177
499122177
499122177
499122177
499122177
499122177
499122177
499122177
499122177
499122177
499122177
1
499122177
499122177
499122177
499122177
499122177
499122177
499122177
499122177
499122177
499122177
499122177
499122177
499122177
499122177
499122177
499122177
499122177
1
499122177
499122177
499122177
499122177
499122177
499122177
499122177
499122177
499122177
499122177
499122177
499122177
728475055
499122177
499122177
499122177
499122177
499122177
499122177
499122177
499122177
499122177
499122177
499122177
499122177
530041916
499122177
499122177
499122177
499122177
499122177
499122177
499122177
499122177
499122177
499122177
499122177
499122177
499122177
499122177
499122177
499122177
499122177
499122177
499122177
499122177
499122177
499122177
499122177
499122177
499122177
499122177
499122177
499122177
499122177
499122177
1
15461216
499122177
499122177
499122177
499122177
499122177
499122177
499122177
499122177
499122177
499122177
499122177
499122177
499122177
1
499122177
499122177
499122177
499122177
499122177
499122177
499122177
499122177
499122177
499122177
499122177
499122177
499122177
499122177
499122177
499122177
499122177
531432618
499122177
499122177
499122177
499122177
499122177
499122177
499122177
499122177
174676658
499122177
499122177
499122177
499122177
499122177
499122177
499122177
499122177
499122177
499122177
499122177
499122177
499122177
499122177
499122177
499122177
499122177
499122177
499122177
499122177
879744923
499122177
499122177
499122177
499122177
499122177
499122177
499122177
499122177
499122177
499122177
499122177
499122177
499122177
499122177
499122177
0
499122177
499122177
499122177
499122177
704681543
499122177
499122177
499122177
499122177
499122177
499122177
499122177
499122177
499122177
499122177
1
499122177
499122177
499122177
499122177
499122177
499122177
499122177
499122177
499122177
499122177
499122177
499122177
499122177
499122177
499122177
499122177
499122177
499122177
499122177
499122177
499122177
499122177
499122177
499122177
499122177
499122177
499122177
499122177
499122177
499122177
499122177
499122177
499122177
499122177
499122177
1
499122177
499122177
499122177
499122177
499122177
499122177
499122177
499122177
499122177
499122177
499122177
499122177
499122177
499122177
499122177
499122177
499122177
499122177
499122177
499122177
499122177
0
499122177
499122177
499122177
1
499122177
499122177
499122177
499122177
499122177
499122177
499122177
499122177
499122177
499122177
499122177
499122177
499122177
499122177
499122177
499122177
499122177
499122177
499122177
499122177
499122177
499122177
499122177
499122177
499122177
499122177
499122177
499122177
499122177
499122177
499122177
499122177
499122177
499122177
499122177
499122177
499122177
499122177
499122177
499122177
499122177
499122177
499122177
499122177
499122177
499122177
499122177
0
499122177
499122177
499122177
499122177
499122177
499122177
499122177
1
499122177
499122177
499122177
499122177
499122177
499122177
499122177
499122177
499122177
499122177
499122177
499122177
499122177
499122177
499122177
499122177
499122177
499122177
499122177
499122177
499122177
499122177
499122177
499122177
499122177
499122177
499122177
499122177
499122177
499122177
499122177
499122177
499122177
499122177
499122177
499122177
499122177
499122177
499122177
499122177
499122177
499122177
499122177
499122177
499122177
499122177
499122177
499122177
499122177
499122177
499122177
499122177
499122177
499122177
499122177
499122177
499122177
499122177
499122177
499122177
499122177
499122177
499122177
499122177
499122177
499122177
499122177
51152445
499122177
499122177
499122177
499122177
499122177
499122177
499122177
499122177
499122177
499122177
499122177
499122177
499122177
499122177
499122177
499122177
499122177
499122177
499122177
499122177
499122177
499122177
499122177
499122177
499122177
499122177
499122177
499122177
499122177
499122177
499122177
499122177
499122177
499122177
499122177
499122177
499122177
499122177
499122177
499122177
499122177
499122177
499122177
499122177
499122177
499122177
499122177
499122177
499122177
499122177
499122177
499122177
499122177
499122177
499122177
499122177
499122177
499122177
499122177
499122177
499122177
499122177
499122177
499122177
499122177
499122177
499122177
499122177
499122177
499122177
499122177
499122177
499122177
499122177
499122177
499122177
499122177
499122177
499122177
499122177
499122177
499122177
499122177
499122177
709731301
499122177
499122177
499122177
499122177
499122177
499122177
499122177
499122177
499122177
499122177
499122177
499122177
499122177
499122177
499122177
1
499122177
499122177
499122177
499122177
499122177
499122177
752816314
499122177
499122177
499122177
499122177
499122177
499122177
499122177
499122177
499122177
499122177
499122177
499122177
499122177
499122177
499122177
1
499122177
499122177
499122177
499122177
499122177
499122177
499122177
499122177
499122177
499122177
499122177
499122177
499122177
499122177
499122177
499122177
499122177
499122177
499122177
499122177
499122177
499122177
499122177
499122177
499122177
499122177
499122177
499122177
499122177
499122177
499122177
499122177
499122177
1
499122177
499122177
499122177
1
1
499122177
499122177
499122177
499122177
499122177
499122177
499122177
499122177
499122177
499122177
499122177
499122177
499122177
499122177
499122177
499122177
499122177
499122177
583989658
499122177
499122177
499122177
1
499122177
499122177
499122177
499122177
499122177
499122177
499122177
499122177
499122177
499122177
499122177
499122177
1
499122177
615204001
761257879
499122177
499122177
499122177
0
499122177
499122177
499122177
1
499122177
499122177
499122177
499122177
499122177
499122177
499122177
499122177
499122177
499122177
499122177
499122177
499122177
499122177
499122177
499122177
499122177
499122177
499122177
499122177
499122177
499122177
499122177
499122177
499122177
499122177
499122177
499122177
499122177
499122177
1
499122177
499122177
499122177
499122177
499122177
499122177
499122177
499122177
499122177
499122177
499122177
499122177
0
378057359
499122177
499122177
499122177
499122177
499122177
499122177
499122177
499122177
499122177
499122177
499122177
499122177
499122177
499122177
499122177
499122177
499122177
499122177
499122177
499122177
499122177
499122177
499122177
499122177
499122177
499122177
499122177
499122177
499122177
499122177
499122177
499122177
868104434
499122177
499122177
499122177
1
499122177
499122177
499122177
499122177
499122177
499122177
499122177
499122177
499122177
499122177
499122177
499122177
499122177
499122177
499122177
499122177
499122177
499122177
499122177
499122177
499122177
499122177
499122177
499122177
499122177
499122177
499122177
499122177
1
499122177
499122177
499122177
499122177
499122177
499122177
499122177
499122177
499122177
499122177
499122177
499122177
502896091
499122177
499122177
499122177
499122177
499122177
499122177
499122177
499122177
499122177
499122177
499122177
499122177
499122177
499122177
499122177
499122177
499122177
499122177
499122177
499122177
499122177
499122177
499122177
499122177
499122177
499122177
499122177
499122177
499122177
499122177
499122177
499122177
499122177
499122177
499122177
499122177
442363947
0
499122177
499122177
499122177
499122177
499122177
499122177
499122177
499122177
499122177
545172784
499122177
499122177
499122177
499122177
499122177
499122177
499122177
499122177
585849625
499122177
117007371
499122177
499122177
499122177
499122177
499122177
499122177
499122177
499122177
499122177
499122177
499122177
499122177
499122177
499122177
499122177
499122177
499122177
499122177
499122177
499122177
499122177
499122177
499122177
499122177
499122177
499122177
499122177
499122177
499122177
680941145
499122177
499122177
499122177
499122177
499122177
499122177
499122177
499122177
499122177
499122177
499122177
499122177
499122177
499122177
499122177
499122177
499122177
499122177
499122177
499122177
499122177
499122177
499122177
499122177
499122177
499122177
1
499122177
499122177
499122177
499122177
1
499122177
499122177
499122177
499122177
499122177
1
499122177
499122177
499122177
499122177
499122177
499122177
499122177
499122177
499122177
499122177
499122177
499122177
1
499122177
499122177
499122177
499122177
499122177
499122177
499122177
499122177
499122177
499122177
499122177
499122177
499122177
499122177
0
1
499122177
499122177
499122177
1
499122177
499122177
499122177
499122177
499122177
499122177
499122177
499122177
499122177
499122177
499122177
499122177
499122177
499122177
499122177
499122177
499122177
499122177
499122177
499122177
499122177
499122177
499122177
499122177
499122177
499122177
499122177
499122177
499122177
0
499122177
499122177
499122177
499122177
499122177
499122177
499122177
499122177
499122177
499122177
371495115
499122177
499122177
499122177
499122177
499122177
499122177
499122177
499122177
499122177
499122177
499122177
499122177
499122177
499122177
499122177
499122177
499122177
499122177
499122177
499122177
499122177
499122177
499122177
499122177
499122177
499122177
1
499122177
499122177
499122177
499122177
499122177
499122177
499122177
499122177
499122177
499122177
8683215
499122177
499122177
499122177
499122177
499122177
216971778
499122177
499122177
0
499122177
499122177
499122177
499122177
499122177
499122177
499122177
499122177
499122177
499122177
499122177
499122177
499122177
499122177
499122177
499122177
499122177
499122177
499122177
499122177
499122177
499122177
499122177
499122177
499122177
499122177
499122177
499122177
499122177
499122177
499122177
499122177
499122177
499122177
499122177
499122177
499122177
499122177
499122177
499122177
499122177
499122177
499122177
499122177
499122177
797743685
1
499122177
499122177
499122177
499122177
499122177
499122177
499122177
499122177
499122177
574166598
499122177
499122177
499122177
499122177
1
499122177
