745 1 1 -1 0
4861 2 1061109567 6 1
7922 3 1061109567 6 1
9028 4 1061109567 6 1
8282 5 1061109567 6 1
4819 6 1061109567 6 1
9226 7 1061109567 6 1
1265 8 1061109567 6 1
2047 9 1061109567 6 1
4464 10 1061109567 6 1
4627 11 1061109567 4 2
5695 12 1061109567 4 2
8209 13 1061109567 4 2
1966 14 1061109567 4 2
8568 15 1061109567 4 2
1544 16 1061109567 4 2
9618 17 1061109567 4 2
6643 18 1061109567 4 2
5816 19 1061109567 4 2
2350 20 1061109567 14 3
1014 21 1061109567 14 3
3878 22 1061109567 5 4
1213 23 1061109567 5 4
9363 24 1061109567 5 4
3436 25 1061109567 5 4
4450 26 1061109567 5 4
7907 25 1061109567 14 5
6778 26 1061109567 14 5
9512 27 1061109567 9 6
1451 28 1061109567 9 6
3872 27 1061109567 9 6
1933 28 1061109567 1 7
8810 29 1061109567 1 7
2430 30 1061109567 1 7
1224 31 1061109567 1 7
8453 32 1061109567 1 7
9007 33 1061109567 1 7
6269 34 1061109567 1 7
4037 35 1061109567 1 7
6940 36 1061109567 1 7
5037 31 1061109567 3 8
8193 31 1061109567 3 8
7033 32 1061109567 3 8
5881 33 1061109567 3 8
8179 34 1061109567 3 8
2123 35 1061109567 3 8
5677 36 1061109567 3 8
3187 37 1061109567 3 8
6450 38 1061109567 3 8
8695 37 1061109567 8 9
2831 38 1061109567 8 9
3226 39 1061109567 8 9
2780 40 1061109567 8 9
1998 37 1061109567 12 9
8023 38 1061109567 12 9
8582 39 1061109567 12 9
5987 40 1061109567 12 9
8771 41 1061109567 12 9
7028 42 1061109567 12 9
8577 43 1061109567 12 9
2595 37 1061109567 14 9
8278 38 1061109567 7 10
4551 39 1061109567 7 10
562 40 1061109567 7 10
4578 41 1061109567 7 10
3455 39 1061109567 14 11
3157 40 1061109567 2 12
1013 41 1061109567 2 12
709 42 1061109567 2 12
1320 43 1061109567 2 12
6258 44 1061109567 2 12
5426 45 1061109567 2 12
5420 44 1061109567 14 13
6488 44 1061109567 16 13
3617 44 1061109567 17 13
1899 45 1061109567 17 13
4810 46 1061109567 17 13
3356 47 1061109567 17 13
680 48 1061109567 17 13
1865 49 1061109567 17 13
9783 44 1061109567 17 13
8640 40 1061109567 2 12
5772 41 1061109567 2 12
5604 40 1061109567 13 12
8926 41 1061109567 13 12
1426 42 1061109567 13 12
3005 43 1061109567 13 12
2030 44 1061109567 6 13
7431 45 1061109567 6 13
3026 46 1061109567 6 13
2866 44 1061109567 6 13
7344 45 1061109567 6 13
5093 44 1061109567 13 12
7090 45 1061109567 13 12
1753 40 1061109567 13 12
9944 41 1061109567 13 12
495 42 1061109567 13 12
8422 43 1061109567 13 12
2923 44 1061109567 13 12
4053 45 1061109567 13 12
1272 39 1061109567 14 11
1439 40 1061109567 10 12
5046 41 1061109567 10 12
2676 42 1061109567 10 12
6044 43 1061109567 10 12
206 40 1061109567 10 12
4631 41 1061109567 10 12
9443 42 1061109567 10 12
1377 43 1061109567 10 12
8388 44 1061109567 10 12
1351 38 1061109567 7 10
511 39 1061109567 7 10
6024 40 1061109567 7 10
7349 41 1061109567 7 10
8562 42 1061109567 7 10
1221 43 1061109567 7 10
2509 44 1061109567 7 10
9565 38 1061109567 14 9
4710 39 1061109567 18 10
3315 40 1061109567 18 10
3356 37 13 14 9
680 38 13 17 10
1865 39 1061109567 17 10
4810 38 13 17 10
1899 39 13 17 10
3617 40 13 17 10
1320 41 12 17 10
6258 42 12 2 11
5426 43 1061109567 2 11
709 42 12 2 11
5420 42 1061109567 14 11
6488 42 1061109567 16 11
9783 42 1061109567 17 10
1320 37 10 16 9
6258 38 11 2 10
5426 39 1061109567 2 10
709 38 12 2 10
1013 39 12 2 10
3157 40 12 2 10
5420 38 1061109567 14 10
6488 38 1061109567 16 9
3617 38 10 17 10
1899 39 10 17 10
9783 38 1061109567 17 10
8467 37 1061109567 16 9
4166 38 1061109567 16 9
5911 39 1061109567 16 9
9480 31 1061109567 8 8
6097 32 1061109567 8 8
3900 33 1061109567 8 8
6360 34 1061109567 8 8
1956 35 1061109567 8 8
3935 36 1061109567 8 8
7490 37 1061109567 8 8
2169 38 1061109567 8 8
7056 39 1061109567 8 8
5946 40 1061109567 8 8
1882 41 1061109567 8 8
7895 42 1061109567 8 8
584 43 1061109567 8 8
5677 31 8 8 8
2123 32 8 3 9
8179 33 8 3 9
3187 32 8 3 9
6450 33 1061109567 3 9
8695 32 9 8 8
2831 33 9 8 8
3226 34 9 8 8
2780 35 1061109567 8 8
1998 32 9 12 9
8023 33 9 12 9
8582 34 9 12 9
5987 35 9 12 9
8771 36 9 12 9
7028 37 9 12 9
8577 38 1061109567 12 9
2595 32 9 14 9
8278 33 10 7 10
4551 34 10 7 10
562 35 10 7 10
4578 36 1061109567 7 10
3455 34 11 14 11
3157 35 12 2 12
1013 36 10 2 12
709 37 10 2 12
8640 35 12 2 12
5772 36 1061109567 2 12
5604 35 12 13 12
8926 36 12 13 12
1426 37 12 13 12
3005 38 12 13 12
2030 39 13 6 13
7431 40 13 6 13
3026 41 1061109567 6 13
2866 39 13 6 13
7344 40 1061109567 6 13
5093 39 12 13 12
7090 40 1061109567 13 12
1753 35 12 13 12
9944 36 12 13 12
495 37 12 13 12
8422 38 12 13 12
2923 39 12 13 12
4053 40 1061109567 13 12
1272 34 11 14 11
1439 35 12 10 12
5046 36 12 10 12
2676 37 12 10 12
6044 38 1061109567 10 12
206 35 12 10 12
4631 36 12 10 12
9443 37 12 10 12
1377 38 12 10 12
8388 39 1061109567 10 12
1351 33 10 7 10
511 34 10 7 10
6024 35 10 7 10
7349 36 10 7 10
8562 37 10 7 10
1221 38 10 7 10
2509 39 1061109567 7 10
9565 33 9 14 9
4710 34 10 18 10
3315 35 1061109567 18 10
3356 32 9 14 9
680 33 10 17 10
1865 34 1061109567 17 10
4810 33 10 17 10
1899 34 10 17 10
3617 35 10 17 10
1320 36 9 17 10
6258 37 10 2 11
5426 38 1061109567 2 11
709 37 10 2 11
5420 37 1061109567 14 11
6488 37 1061109567 16 11
9783 37 1061109567 17 10
1320 32 10 16 9
6258 33 11 2 10
5426 34 1061109567 2 10
709 33 10 2 10
1013 34 12 2 10
3157 35 12 2 10
5420 33 1061109567 14 10
6488 33 1061109567 16 9
3617 33 10 17 10
1899 34 10 17 10
9783 33 1061109567 17 10
8467 32 9 16 9
4166 33 9 16 9
5911 34 1061109567 16 9
5420 31 1061109567 14 8
1320 32 9 14 8
6258 33 10 2 9
5426 34 1061109567 2 9
709 33 10 2 9
1013 34 10 2 9
3157 35 12 2 9
6488 33 1061109567 16 9
3617 33 10 17 9
1899 34 10 17 9
9783 33 1061109567 17 9
3455 31 11 14 8
3157 32 12 2 9
1013 33 9 2 9
8640 32 12 2 9
5772 33 1061109567 2 9
5604 32 12 13 9
8926 33 12 13 9
1426 34 12 13 9
3005 35 12 13 9
2030 36 13 6 10
7431 37 13 6 10
3026 38 1061109567 6 10
2866 36 13 6 10
7344 37 1061109567 6 10
5093 36 12 13 9
7090 37 1061109567 13 9
1753 32 12 13 9
9944 33 12 13 9
495 34 12 13 9
8422 35 12 13 9
2923 36 12 13 9
4053 37 1061109567 13 9
8278 32 10 14 8
4551 33 10 7 9
562 34 10 7 9
4578 35 1061109567 7 9
1272 33 11 14 8
1439 34 12 10 9
5046 35 12 10 9
2676 36 12 10 9
6044 37 1061109567 10 9
206 34 12 10 9
4631 35 12 10 9
9443 36 12 10 9
1377 37 12 10 9
8388 38 1061109567 10 9
4883 31 1061109567 19 8
6143 32 1061109567 19 8
4352 33 1061109567 19 8
8368 34 1061109567 19 8
6777 35 1061109567 19 8
4124 31 1061109567 19 8
5089 32 1061109567 15 9
5220 33 1061109567 15 9
1443 34 1061109567 15 9
1260 35 1061109567 15 9
9498 36 1061109567 15 9
3713 37 1061109567 15 9
9452 38 1061109567 15 9
7106 32 1061109567 15 9
3034 33 1061109567 15 9
3579 34 1061109567 15 9
7114 32 1061109567 19 8
5834 33 1061109567 19 8
291 34 1061109567 19 8
1315 35 1061109567 19 8
6405 36 1061109567 19 8
7195 37 1061109567 19 8
2784 38 1061109567 19 8
2232 39 1061109567 19 8
9220 40 1061109567 19 8
6883 41 1061109567 19 8
1545 28 1061109567 9 6
1741 29 1061109567 9 6
5515 28 1061109567 11 7
9470 29 1061109567 11 7
9224 30 1061109567 11 7
1272 28 8 14 7
1439 29 9 10 8
5046 30 9 10 8
2676 31 9 10 8
6044 32 1061109567 10 8
206 29 9 10 8
4631 30 9 10 8
9443 31 9 10 8
1377 32 9 10 8
8388 33 1061109567 10 8
8278 29 8 14 7
4551 30 9 7 8
562 31 9 7 8
4578 32 1061109567 7 8
2595 30 9 7 8
1351 31 10 7 8
511 32 10 7 8
6024 33 10 7 8
7349 34 10 7 8
8562 35 10 7 8
1221 36 10 7 8
2509 37 1061109567 7 8
9565 31 9 14 9
4710 32 10 18 10
3315 33 1061109567 18 10
5677 31 8 14 9
3455 30 8 14 7
3157 31 9 2 8
1013 32 9 2 8
709 33 9 2 8
8640 31 9 2 8
5772 32 1061109567 2 8
5604 31 9 13 8
8926 32 9 13 8
1426 33 9 13 8
3005 34 9 13 8
2030 35 10 6 9
7431 36 10 6 9
3026 37 1061109567 6 9
2866 35 10 6 9
7344 36 1061109567 6 9
5093 35 9 13 8
7090 36 1061109567 13 8
1753 31 9 13 8
9944 32 9 13 8
495 33 9 13 8
8422 34 9 13 8
2923 35 9 13 8
4053 36 1061109567 13 8
3579 28 1061109567 15 7
3034 29 9 15 7
7106 30 9 15 7
4124 31 8 15 7
5089 32 9 15 7
5220 33 9 15 7
1443 34 9 15 7
1260 35 9 15 7
9498 36 9 15 7
3713 37 9 15 7
9452 38 1061109567 15 7
7114 32 8 19 8
5834 33 8 19 8
291 34 8 19 8
1315 35 8 19 8
6405 36 8 19 8
7195 37 8 19 8
2784 38 8 19 8
2232 39 8 19 8
9220 40 8 19 8
6883 41 1061109567 19 8
2406 28 1061109567 15 7
8388 27 1061109567 10 6
1377 28 8 10 6
9443 29 8 10 6
4631 30 8 10 6
4035 27 1061109567 10 6
2615 28 1061109567 10 6
7846 29 1061109567 10 6
3604 30 1061109567 10 6
4724 31 1061109567 10 6
9224 27 1061109567 11 6
9470 28 7 11 6
2789 27 1061109567 11 6
778 28 1061109567 11 6
9877 29 1061109567 11 6
3754 30 1061109567 11 6
6307 31 1061109567 11 6
9725 32 1061109567 11 6
7258 33 1061109567 11 6
402 34 1061109567 11 6
2038 35 1061109567 11 6
8785 36 1061109567 11 6
7326 37 1061109567 11 6
6621 38 1061109567 11 6
3356 27 9 14 5
5677 28 8 14 5
2123 29 9 3 6
8179 30 8 3 6
5881 31 8 3 6
7033 32 8 3 6
3187 29 9 3 6
6450 30 1061109567 3 6
2430 29 7 8 6
1224 30 7 1 7
8453 31 7 1 7
9007 32 7 1 7
6269 33 7 1 7
4037 34 7 1 7
6940 35 1061109567 1 7
5037 30 1061109567 3 7
8193 30 8 3 7
7033 31 8 3 7
9480 30 8 8 6
6097 31 8 8 6
3900 32 8 8 6
6360 33 8 8 6
1956 34 8 8 6
3935 35 8 8 6
7490 36 8 8 6
2169 37 8 8 6
7056 38 8 8 6
5946 39 8 8 6
1882 40 8 8 6
7895 41 8 8 6
584 42 1061109567 8 6
5420 30 8 14 7
1320 31 8 14 7
6258 32 9 2 8
5426 33 1061109567 2 8
709 32 9 2 8
6488 32 1061109567 16 8
3617 32 9 17 8
1899 33 10 17 8
9783 32 1061109567 17 8
3455 30 7 14 7
3157 31 8 2 8
1013 32 8 2 8
8640 31 8 2 8
5772 32 1061109567 2 8
5604 31 8 13 8
8926 32 8 13 8
1426 33 8 13 8
3005 34 8 13 8
2030 35 9 6 9
7431 36 9 6 9
3026 37 1061109567 6 9
2866 35 9 6 9
7344 36 1061109567 6 9
5093 35 8 13 8
7090 36 1061109567 13 8
1753 31 8 13 8
9944 32 8 13 8
495 33 8 13 8
8422 34 8 13 8
2923 35 8 13 8
4053 36 1061109567 13 8
4883 30 8 19 7
6143 31 8 19 7
4352 32 8 19 7
8368 33 8 19 7
6777 34 1061109567 19 7
4124 30 7 19 7
5089 31 7 15 8
5220 32 7 15 8
1443 33 7 15 8
1260 34 7 15 8
9498 35 7 15 8
3713 36 7 15 8
9452 37 1061109567 15 8
7114 31 8 19 7
5834 32 8 19 7
291 33 8 19 7
1315 34 8 19 7
6405 35 8 19 7
7195 36 8 19 7
2784 37 8 19 7
2232 38 8 19 7
9220 39 8 19 7
6883 40 1061109567 19 7
8695 29 8 8 6
2831 30 8 8 6
3226 31 8 8 6
2780 32 1061109567 8 6
1998 29 9 12 6
8023 30 9 12 6
8582 31 9 12 6
5987 32 9 12 6
8771 33 9 12 6
7028 34 9 12 6
8577 35 1061109567 12 6
2595 29 8 14 5
1351 30 8 7 6
511 31 8 7 6
6024 32 8 7 6
7349 33 8 7 6
8562 34 8 7 6
1221 35 8 7 6
2509 36 1061109567 7 6
9565 30 9 14 5
4710 31 10 18 6
3315 32 1061109567 18 6
1320 29 7 16 6
6258 30 8 2 7
5426 31 1061109567 2 7
709 30 9 2 7
1013 31 8 2 7
5420 30 7 14 7
6488 30 1061109567 16 6
3617 30 8 17 7
1899 31 10 17 7
4810 32 10 17 7
9783 30 1061109567 17 7
8467 29 9 16 6
4166 30 9 16 6
5911 31 1061109567 16 6
680 28 10 17 6
1865 29 1061109567 17 6
4810 28 10 17 6
1899 29 7 17 6
3617 30 7 17 6
7537 27 1061109567 18 6
5115 28 1061109567 18 6
8427 29 1061109567 18 6
118 30 1061109567 18 6
4790 31 1061109567 18 6
9565 27 5 18 6
2595 28 5 14 7
1351 29 6 7 8
511 30 6 7 8
6024 31 6 7 8
7349 32 6 7 8
8562 33 6 7 8
1221 34 6 7 8
2509 35 1061109567 7 8
4710 28 6 18 6
3315 29 1061109567 18 6
3005 25 8 14 5
2030 26 9 6 6
7431 27 9 6 6
3026 28 1061109567 6 6
2866 26 9 6 6
7344 27 1061109567 6 6
5093 26 8 13 6
7090 27 1061109567 13 6
1426 26 8 13 6
8926 27 8 13 6
5604 28 8 13 6
3455 29 7 13 6
3157 30 8 2 7
1013 31 8 2 7
8640 30 8 2 7
5772 31 1061109567 2 7
1753 30 8 13 6
9944 31 8 13 6
495 32 8 13 6
8422 33 8 13 6
2923 34 8 13 6
4053 35 1061109567 13 6
1140 25 1061109567 20 5
3598 26 1061109567 20 5
2472 27 1061109567 20 5
3245 28 1061109567 20 5
3592 29 1061109567 20 5
8492 22 1061109567 5 4
3570 23 1061109567 5 4
6855 24 1061109567 5 4
8967 25 1061109567 5 4
5677 22 5 12 4
2123 23 6 3 5
8179 24 6 3 5
5881 25 6 3 5
7033 26 8 3 5
8193 27 7 3 5
2430 28 6 3 5
1224 29 7 1 6
8453 30 7 1 6
9007 31 7 1 6
6269 32 7 1 6
4037 33 7 1 6
6940 34 1061109567 1 6
8810 29 7 1 6
5037 29 1061109567 3 5
9480 29 6 8 6
6097 30 6 8 6
3900 31 6 8 6
6360 32 6 8 6
1956 33 6 8 6
3935 34 6 8 6
7490 35 6 8 6
2169 36 6 8 6
7056 37 6 8 6
5946 38 6 8 6
1882 39 6 8 6
7895 40 6 8 6
584 41 1061109567 8 6
5420 29 7 14 6
3455 29 6 14 6
3157 30 7 2 7
1013 31 8 2 7
8640 30 7 2 7
5772 31 1061109567 2 7
1753 30 6 13 7
4883 29 7 19 6
6143 30 7 19 6
4352 31 7 19 6
8368 32 7 19 6
6777 33 1061109567 19 6
4124 29 7 19 6
5089 30 8 15 7
5220 31 8 15 7
1443 32 8 15 7
1260 33 8 15 7
9498 34 8 15 7
3713 35 8 15 7
9452 36 1061109567 15 7
7106 30 7 15 7
7114 30 7 19 6
5834 31 7 19 6
291 32 7 19 6
1315 33 7 19 6
6405 34 7 19 6
7195 35 7 19 6
2784 36 7 19 6
2232 37 7 19 6
9220 38 7 19 6
6883 39 1061109567 19 6
3187 23 6 3 5
6450 24 1061109567 3 5
2430 23 5 8 5
1224 24 6 1 6
8453 25 6 1 6
9007 26 6 1 6
6269 27 6 1 6
4037 28 6 1 6
6940 29 1061109567 1 6
8810 24 7 1 6
1933 25 7 1 6
3872 26 6 1 6
1545 27 6 9 7
1741 28 1061109567 9 7
5515 27 7 11 7
9470 28 7 11 7
1272 27 7 14 7
1439 28 8 10 8
5046 29 8 10 8
2676 30 8 10 8
6044 31 1061109567 10 8
206 28 8 10 8
4631 29 8 10 8
8278 28 7 14 7
4551 29 8 7 8
562 30 8 7 8
4578 31 1061109567 7 8
3455 29 6 14 7
3579 27 7 15 7
3034 28 7 15 7
7106 29 7 15 7
2406 27 1061109567 15 7
5037 24 1061109567 3 6
8193 24 5 3 6
7033 25 5 3 6
9480 24 6 8 5
6097 25 6 8 5
3900 26 6 8 5
6360 27 6 8 5
1956 28 6 8 5
3935 29 6 8 5
7490 30 6 8 5
2169 31 6 8 5
7056 32 6 8 5
5946 33 6 8 5
1882 34 6 8 5
7895 35 6 8 5
584 36 1061109567 8 5
5420 24 7 14 6
1320 25 6 14 6
6258 26 7 2 7
5426 27 1061109567 2 7
709 26 7 2 7
1013 27 8 2 7
3157 28 7 2 7
3455 29 6 2 7
6488 26 1061109567 16 7
3617 26 7 17 7
1899 27 6 17 7
9783 26 1061109567 17 7
3455 24 6 14 6
3157 25 7 2 7
1013 26 7 2 7
8640 25 7 2 7
5772 26 1061109567 2 7
5604 25 6 13 7
8926 26 6 13 7
1753 25 6 13 7
9944 26 6 13 7
495 27 6 13 7
8422 28 6 13 7
2923 29 6 13 7
4053 30 1061109567 13 7
8278 25 7 14 6
4551 26 8 7 7
562 27 8 7 7
4578 28 1061109567 7 7
2595 26 7 7 7
1351 27 8 7 7
511 28 8 7 7
6024 29 8 7 7
7349 30 8 7 7
8562 31 8 7 7
1221 32 8 7 7
2509 33 1061109567 7 7
9565 27 6 14 8
1272 26 7 14 6
1439 27 8 10 7
5046 28 8 10 7
2676 29 8 10 7
6044 30 1061109567 10 7
206 27 8 10 7
4631 28 8 10 7
9443 29 6 10 7
4883 24 6 19 6
6143 25 6 19 6
4352 26 6 19 6
8368 27 6 19 6
6777 28 1061109567 19 6
4124 24 6 19 6
5089 25 7 15 7
5220 26 7 15 7
1443 27 7 15 7
1260 28 7 15 7
9498 29 7 15 7
3713 30 7 15 7
9452 31 1061109567 15 7
7106 25 7 15 7
3034 26 7 15 7
3579 27 7 15 7
7114 25 6 19 6
5834 26 6 19 6
291 27 6 19 6
1315 28 6 19 6
6405 29 6 19 6
7195 30 6 19 6
2784 31 6 19 6
2232 32 6 19 6
9220 33 6 19 6
6883 34 1061109567 19 6
8695 23 6 8 5
2831 24 6 8 5
3226 25 6 8 5
2780 26 1061109567 8 5
1998 23 6 12 4
8023 24 6 12 4
8582 25 6 12 4
5987 26 6 12 4
8771 27 6 12 4
7028 28 6 12 4
8577 29 1061109567 12 4
2595 23 7 14 5
8278 24 6 7 6
4551 25 7 7 6
562 26 7 7 6
4578 27 1061109567 7 6
1272 25 6 14 7
1439 26 7 10 8
5046 27 7 10 8
2676 28 7 10 8
6044 29 1061109567 10 8
206 26 7 10 8
4631 27 7 10 8
9443 28 6 10 8
3872 26 6 14 7
1351 24 7 7 6
511 25 7 7 6
6024 26 7 7 6
7349 27 7 7 6
8562 28 7 7 6
1221 29 7 7 6
2509 30 1061109567 7 6
9565 24 6 14 5
6778 25 5 18 6
9512 26 6 9 7
1451 27 1061109567 9 7
3872 26 6 9 7
8388 26 6 10 7
1377 27 6 10 7
4035 26 6 10 7
2615 27 6 10 7
7846 28 6 10 7
3604 29 6 10 7
4724 30 1061109567 10 7
9224 26 6 11 7
9470 27 7 11 7
2789 26 6 11 7
778 27 6 11 7
9877 28 6 11 7
3754 29 6 11 7
6307 30 6 11 7
9725 31 6 11 7
7258 32 6 11 7
402 33 6 11 7
2038 34 6 11 7
8785 35 6 11 7
7326 36 6 11 7
6621 37 1061109567 11 7
3356 26 5 14 7
680 27 6 17 8
1865 28 1061109567 17 8
4810 27 6 17 8
7537 26 6 18 6
5115 27 6 18 6
8427 28 6 18 6
118 29 6 18 6
4790 30 1061109567 18 6
4710 25 6 18 6
3315 26 1061109567 18 6
3356 23 7 14 5
6778 24 6 14 5
9512 25 7 9 6
1451 26 1061109567 9 6
3872 25 6 9 6
1545 26 7 9 6
1741 27 1061109567 9 6
5515 26 7 11 7
9470 27 7 11 7
3579 26 7 15 7
2406 26 1061109567 15 7
8388 25 7 10 6
1377 26 6 10 6
9443 27 6 10 6
4035 25 7 10 6
2615 26 7 10 6
7846 27 7 10 6
3604 28 7 10 6
4724 29 1061109567 10 6
9224 25 7 11 6
9470 26 7 11 6
2789 25 7 11 6
778 26 7 11 6
9877 27 7 11 6
3754 28 7 11 6
6307 29 7 11 6
9725 30 7 11 6
7258 31 7 11 6
402 32 7 11 6
2038 33 7 11 6
8785 34 7 11 6
7326 35 7 11 6
6621 36 1061109567 11 6
7907 25 5 14 5
7537 25 6 18 6
5115 26 6 18 6
8427 27 6 18 6
118 28 6 18 6
4790 29 1061109567 18 6
680 24 8 17 6
1865 25 1061109567 17 6
4810 24 6 17 6
1899 25 6 17 6
3617 26 7 17 6
1320 23 6 16 5
6258 24 7 2 6
5426 25 1061109567 2 6
709 24 7 2 6
1013 25 7 2 6
5420 24 6 14 6
6488 24 1061109567 16 5
3617 24 7 17 6
1899 25 6 17 6
9783 24 1061109567 17 6
8467 23 6 16 5
4166 24 6 16 5
5911 25 1061109567 16 5
3005 22 5 14 3
2030 23 6 6 4
7431 24 6 6 4
3026 25 1061109567 6 4
2866 23 6 6 4
7344 24 1061109567 6 4
5093 23 6 13 4
7090 24 1061109567 13 4
1426 23 6 13 4
8926 24 6 13 4
5604 25 7 13 4
9363 23 4 14 3
3436 24 4 5 4
4450 25 1061109567 5 4
7907 24 5 14 3
1140 24 5 20 4
3598 25 5 20 4
2472 26 5 20 4
3245 27 5 20 4
3592 28 1061109567 20 4
6674 22 1061109567 19 4
7334 23 1061109567 19 4
6777 22 1061109567 19 4
8368 23 6 19 4
4352 24 6 19 4
6143 25 6 19 4
1320 20 5 14 3
6258 21 6 2 4
5426 22 1061109567 2 4
709 21 6 2 4
1013 22 7 2 4
3157 23 7 2 4
3455 24 6 2 4
8640 25 7 2 4
5772 26 1061109567 2 4
5604 25 7 13 5
1753 25 7 13 5
9944 26 7 13 5
495 27 7 13 5
8422 28 7 13 5
2923 29 7 13 5
4053 30 1061109567 13 5
5420 21 6 14 3
2430 22 5 14 3
1224 23 6 1 4
8453 24 6 1 4
9007 25 6 1 4
6269 26 6 1 4
4037 27 6 1 4
6940 28 1061109567 1 4
8810 23 6 1 4
1933 24 6 1 4
3872 25 6 1 4
1545 26 6 9 5
1741 27 1061109567 9 5
5515 26 7 11 5
3579 26 7 15 5
2406 26 1061109567 15 5
5037 23 1061109567 3 4
8193 23 6 3 4
7033 24 5 3 4
5881 25 5 3 4
9480 23 5 8 4
6097 24 5 8 4
3900 25 5 8 4
6360 26 5 8 4
1956 27 5 8 4
3935 28 5 8 4
7490 29 5 8 4
2169 30 5 8 4
7056 31 5 8 4
5946 32 5 8 4
1882 33 5 8 4
7895 34 5 8 4
584 35 1061109567 8 4
3455 23 4 14 3
8640 24 4 2 4
5772 25 1061109567 2 4
5604 24 7 13 4
1753 24 5 13 4
9944 25 5 13 4
495 26 5 13 4
8422 27 5 13 4
2923 28 5 13 4
4053 29 1061109567 13 4
8278 24 6 14 3
4551 25 6 7 4
562 26 6 7 4
4578 27 1061109567 7 4
1272 25 7 14 3
1439 26 8 10 4
5046 27 8 10 4
2676 28 8 10 4
6044 29 1061109567 10 4
206 26 8 10 4
4631 27 8 10 4
4883 23 6 19 4
6143 24 6 19 4
4124 23 6 19 4
5089 24 7 15 5
5220 25 7 15 5
1443 26 7 15 5
1260 27 7 15 5
9498 28 7 15 5
3713 29 7 15 5
9452 30 1061109567 15 5
7106 24 7 15 5
3034 25 7 15 5
3579 26 7 15 5
7114 24 6 19 4
5834 25 6 19 4
291 26 6 19 4
1315 27 6 19 4
6405 28 6 19 4
7195 29 6 19 4
2784 30 6 19 4
2232 31 6 19 4
9220 32 6 19 4
6883 33 1061109567 19 4
6488 21 1061109567 16 4
5677 21 4 16 4
2123 22 5 3 5
8179 23 5 3 5
5881 24 5 3 5
3187 22 5 3 5
6450 23 1061109567 3 5
2430 22 3 8 5
8695 22 5 8 5
2831 23 5 8 5
3226 24 5 8 5
2780 25 1061109567 8 5
1998 22 4 12 5
8023 23 4 12 5
8582 24 4 12 5
5987 25 4 12 5
8771 26 4 12 5
7028 27 4 12 5
8577 28 1061109567 12 5
2595 22 5 14 5
8278 23 3 7 6
4551 24 4 7 6
562 25 4 7 6
4578 26 1061109567 7 6
1272 24 3 14 7
1439 25 4 10 8
5046 26 4 10 8
2676 27 4 10 8
6044 28 1061109567 10 8
206 25 4 10 8
4631 26 8 10 8
9443 27 6 10 8
3872 25 4 14 7
1351 23 6 7 6
511 24 6 7 6
6024 25 6 7 6
7349 26 6 7 6
8562 27 6 7 6
1221 28 6 7 6
2509 29 1061109567 7 6
9565 23 5 14 5
6778 24 5 18 6
4710 24 6 18 6
3315 25 1061109567 18 6
3356 22 5 14 5
6778 23 5 14 5
9512 24 6 9 6
1451 25 1061109567 9 6
3872 24 4 9 6
1545 25 5 9 6
1741 26 1061109567 9 6
5515 25 7 11 7
9470 26 7 11 7
3579 25 7 15 7
2406 25 1061109567 15 7
8388 24 6 10 6
1377 25 6 10 6
9443 26 6 10 6
4035 24 6 10 6
2615 25 6 10 6
7846 26 6 10 6
3604 27 6 10 6
4724 28 1061109567 10 6
9224 24 6 11 6
9470 25 7 11 6
2789 24 6 11 6
778 25 6 11 6
9877 26 6 11 6
3754 27 6 11 6
6307 28 6 11 6
9725 29 6 11 6
7258 30 6 11 6
402 31 6 11 6
2038 32 6 11 6
8785 33 6 11 6
7326 34 6 11 6
6621 35 1061109567 11 6
7907 24 5 14 5
7537 24 6 18 6
5115 25 6 18 6
8427 26 6 18 6
118 27 6 18 6
4790 28 1061109567 18 6
680 23 6 17 6
1865 24 1061109567 17 6
4810 23 6 17 6
1899 24 6 17 6
8467 22 5 16 4
4166 23 5 16 4
5911 24 1061109567 16 4
3617 21 6 17 4
1899 22 6 17 4
4810 23 6 17 4
9783 21 1061109567 17 4
3592 20 1061109567 20 3
3245 21 4 20 3
2472 22 4 20 3
3598 23 4 20 3
1140 24 4 20 3
8418 11 1061109567 4 2
7344 11 1061109567 6 1
2866 12 4 6 1
3005 13 3 6 1
2030 14 4 6 1
7431 15 4 6 1
3026 16 1061109567 6 1
5093 14 4 13 2
7090 15 1061109567 13 2
1426 14 4 13 2
8926 15 4 13 2
5604 16 7 13 2
3455 17 3 13 2
3157 18 4 2 3
1013 19 4 2 3
709 20 4 2 3
8640 18 4 2 3
5772 19 1061109567 2 3
1753 18 4 13 2
9944 19 4 13 2
495 20 4 13 2
8422 21 4 13 2
2923 22 4 13 2
4053 23 1061109567 13 2
8278 18 6 14 3
4551 19 6 7 4
562 20 6 7 4
4578 21 1061109567 7 4
2595 19 5 7 4
1351 20 6 7 4
511 21 6 7 4
6024 22 6 7 4
7349 23 6 7 4
8562 24 6 7 4
1221 25 6 7 4
2509 26 1061109567 7 4
9565 20 5 14 5
6778 21 5 18 6
9512 22 6 9 7
1451 23 1061109567 9 7
3872 22 6 9 7
1933 23 4 1 8
1545 23 6 9 7
1741 24 1061109567 9 7
5515 23 7 11 8
9470 24 7 11 8
1272 23 7 14 8
1439 24 8 10 9
5046 25 8 10 9
2676 26 8 10 9
6044 27 1061109567 10 9
206 24 8 10 9
4631 25 8 10 9
3579 23 7 15 8
3034 24 5 15 8
2406 23 1061109567 15 8
8388 22 6 10 7
1377 23 6 10 7
9443 24 6 10 7
4035 22 6 10 7
2615 23 6 10 7
7846 24 6 10 7
3604 25 6 10 7
4724 26 1061109567 10 7
9224 22 6 11 7
9470 23 7 11 7
2789 22 6 11 7
778 23 6 11 7
9877 24 6 11 7
3754 25 6 11 7
6307 26 6 11 7
9725 27 6 11 7
7258 28 6 11 7
402 29 6 11 7
2038 30 6 11 7
8785 31 6 11 7
7326 32 6 11 7
6621 33 1061109567 11 7
3356 22 5 14 7
7907 22 5 14 7
7537 22 6 18 6
5115 23 6 18 6
8427 24 6 18 6
118 25 6 18 6
4790 26 1061109567 18 6
4710 21 6 18 6
3315 22 1061109567 18 6
5677 20 4 14 5
2123 21 5 3 6
8179 22 5 3 6
5881 23 5 3 6
3187 21 5 3 6
6450 22 1061109567 3 6
2430 21 3 8 6
1224 22 4 1 7
8453 23 4 1 7
9007 24 4 1 7
6269 25 4 1 7
4037 26 4 1 7
6940 27 1061109567 1 7
8810 22 4 1 7
5037 22 1061109567 3 7
8193 22 4 3 7
7033 23 4 3 7
9480 22 4 8 6
6097 23 4 8 6
3900 24 4 8 6
6360 25 4 8 6
1956 26 4 8 6
3935 27 4 8 6
7490 28 4 8 6
2169 29 4 8 6
7056 30 4 8 6
5946 31 4 8 6
1882 32 4 8 6
7895 33 4 8 6
584 34 1061109567 8 6
4883 22 4 19 7
6143 23 6 19 7
4124 22 4 19 7
5089 23 5 15 8
5220 24 5 15 8
1443 25 5 15 8
1260 26 5 15 8
9498 27 5 15 8
3713 28 5 15 8
9452 29 1061109567 15 8
7106 23 5 15 8
7114 23 4 19 7
5834 24 4 19 7
291 25 4 19 7
1315 26 4 19 7
6405 27 4 19 7
7195 28 4 19 7
2784 29 4 19 7
2232 30 4 19 7
9220 31 4 19 7
6883 32 1061109567 19 7
8695 21 5 8 6
2831 22 5 8 6
3226 23 5 8 6
2780 24 1061109567 8 6
1998 21 5 12 6
8023 22 5 12 6
8582 23 5 12 6
5987 24 5 12 6
8771 25 5 12 6
7028 26 5 12 6
8577 27 1061109567 12 6
1014 21 3 12 6
3356 21 5 14 5
680 22 6 17 6
1865 23 1061109567 17 6
4810 22 6 17 6
8467 21 4 16 6
4166 22 4 16 6
5911 23 1061109567 16 6
1272 19 8 14 3
1439 20 9 10 4
5046 21 9 10 4
2676 22 9 10 4
6044 23 1061109567 10 4
206 20 9 10 4
4631 21 8 10 4
9443 22 6 10 4
1377 23 7 10 4
3872 20 7 14 3
1933 21 4 1 4
8810 22 4 1 4
6778 21 6 9 4
9512 22 7 9 4
1451 23 1061109567 9 4
8388 22 7 10 5
1377 23 7 10 5
4035 22 7 10 5
2615 23 7 10 5
7846 24 7 10 5
3604 25 7 10 5
4724 26 1061109567 10 5
9224 22 7 11 5
9470 23 7 11 5
2789 22 7 11 5
778 23 7 11 5
9877 24 7 11 5
3754 25 7 11 5
6307 26 7 11 5
9725 27 7 11 5
7258 28 7 11 5
402 29 7 11 5
2038 30 7 11 5
8785 31 7 11 5
7326 32 7 11 5
6621 33 1061109567 11 5
7907 22 5 14 5
9363 23 3 14 5
7537 22 6 18 5
5115 23 6 18 5
8427 24 6 18 5
118 25 6 18 5
4790 26 1061109567 18 5
1545 21 7 9 4
1741 22 1061109567 9 4
5515 21 8 11 4
9470 22 7 11 4
3579 21 8 15 4
3034 22 5 15 4
7106 23 5 15 4
2406 21 1061109567 15 4
2430 18 6 14 3
1224 19 7 1 4
8453 20 7 1 4
9007 21 7 1 4
6269 22 7 1 4
4037 23 7 1 4
6940 24 1061109567 1 4
8810 19 4 1 4
1933 20 4 1 4
5037 19 1061109567 3 4
8193 19 7 3 4
7033 20 4 3 4
5881 21 5 3 4
8179 22 6 3 4
9480 19 6 8 4
6097 20 6 8 4
3900 21 6 8 4
6360 22 6 8 4
1956 23 6 8 4
3935 24 6 8 4
7490 25 6 8 4
2169 26 6 8 4
7056 27 6 8 4
5946 28 6 8 4
1882 29 6 8 4
7895 30 6 8 4
584 31 1061109567 8 4
5677 19 5 8 4
2123 20 6 3 5
8179 21 6 3 5
3187 20 6 3 5
6450 21 1061109567 3 5
8695 20 6 8 4
2831 21 6 8 4
3226 22 6 8 4
2780 23 1061109567 8 4
1998 20 6 12 5
8023 21 6 12 5
8582 22 6 12 5
5987 23 6 12 5
8771 24 6 12 5
7028 25 6 12 5
8577 26 1061109567 12 5
1014 20 3 12 5
3878 21 4 5 6
1213 22 4 5 6
8492 21 4 5 6
3570 22 4 5 6
6855 23 4 5 6
8967 24 1061109567 5 6
6674 21 4 19 6
7334 22 1061109567 19 6
6777 21 4 19 6
8368 22 4 19 6
4352 23 4 19 6
3356 20 5 14 5
6778 21 4 14 5
680 21 6 17 6
1865 22 1061109567 17 6
4810 21 6 17 6
1899 22 4 17 6
1320 20 3 16 5
8467 20 6 16 5
4166 21 6 16 5
5911 22 1061109567 16 5
5420 19 3 14 3
1320 20 3 14 3
6258 21 4 2 4
5426 22 1061109567 2 4
6488 21 1061109567 16 4
3617 21 4 17 4
1899 22 4 17 4
9783 21 1061109567 17 4
4883 19 7 19 4
6143 20 6 19 4
4352 21 4 19 4
8368 22 6 19 4
4124 19 7 19 4
5089 20 8 15 5
5220 21 8 15 5
1443 22 8 15 5
1260 23 8 15 5
9498 24 8 15 5
3713 25 8 15 5
9452 26 1061109567 15 5
7106 20 5 15 5
3034 21 4 15 5
7114 20 7 19 4
5834 21 7 19 4
291 22 7 19 4
1315 23 7 19 4
6405 24 7 19 4
7195 25 7 19 4
2784 26 7 19 4
2232 27 7 19 4
9220 28 7 19 4
6883 29 1061109567 19 4
9363 14 3 14 2
3436 15 4 5 3
4450 16 1061109567 5 3
1213 15 4 5 3
3878 16 6 5 3
1014 17 5 5 3
8492 18 6 5 3
3570 19 6 5 3
6855 20 6 5 3
8967 21 1061109567 5 3
5677 18 4 12 4
2123 19 5 3 5
8179 20 6 3 5
5881 21 4 3 5
3187 19 5 3 5
6450 20 1061109567 3 5
8695 19 4 8 5
2831 20 4 8 5
3226 21 4 8 5
2780 22 1061109567 8 5
1998 19 5 12 4
8023 20 5 12 4
8582 21 5 12 4
5987 22 5 12 4
8771 23 5 12 4
7028 24 5 12 4
8577 25 1061109567 12 4
2595 19 4 14 5
3356 19 5 14 5
6778 20 4 14 5
9512 21 4 9 6
1451 22 1061109567 9 6
8388 21 5 10 6
1377 22 7 10 6
4035 21 5 10 6
2615 22 5 10 6
7846 23 5 10 6
3604 24 5 10 6
4724 25 1061109567 10 6
9224 21 5 11 6
2789 21 5 11 6
778 22 5 11 6
9877 23 5 11 6
3754 24 5 11 6
6307 25 5 11 6
9725 26 5 11 6
7258 27 5 11 6
402 28 5 11 6
2038 29 5 11 6
8785 30 5 11 6
7326 31 5 11 6
6621 32 1061109567 11 6
7907 21 5 14 5
7537 21 5 18 6
5115 22 5 18 6
8427 23 5 18 6
118 24 5 18 6
4790 25 1061109567 18 6
680 20 6 17 6
1865 21 1061109567 17 6
4810 20 6 17 6
1899 21 4 17 6
1320 19 3 16 5
6258 20 4 2 6
5426 21 1061109567 2 6
709 20 4 2 6
6488 20 1061109567 16 5
3617 20 4 17 6
9783 20 1061109567 17 6
8467 19 5 16 5
4166 20 5 16 5
5911 21 1061109567 16 5
2350 18 3 14 4
6674 18 6 19 4
7334 19 1061109567 19 4
6777 18 6 19 4
8368 19 6 19 4
4352 20 4 19 4
7907 15 5 14 2
6778 16 5 14 2
9512 17 6 9 3
1451 18 1061109567 9 3
3872 17 3 9 3
1933 18 4 1 4
8810 19 4 1 4
1545 18 4 9 3
1741 19 1061109567 9 3
5515 18 4 11 4
9470 19 7 11 4
9224 20 5 11 4
1272 18 3 14 4
1439 19 4 10 5
5046 20 4 10 5
2676 21 4 10 5
6044 22 1061109567 10 5
206 19 4 10 5
4631 20 4 10 5
9443 21 4 10 5
3579 18 4 15 4
3034 19 4 15 4
7106 20 5 15 4
2406 18 1061109567 15 4
8388 17 6 10 3
1377 18 7 10 3
9443 19 4 10 3
4631 20 5 10 3
4035 17 6 10 3
2615 18 6 10 3
7846 19 6 10 3
3604 20 6 10 3
4724 21 1061109567 10 3
9224 17 5 11 3
9470 18 4 11 3
2789 17 6 11 3
778 18 6 11 3
9877 19 6 11 3
3754 20 6 11 3
6307 21 6 11 3
9725 22 6 11 3
7258 23 6 11 3
402 24 6 11 3
2038 25 6 11 3
8785 26 6 11 3
7326 27 6 11 3
6621 28 1061109567 11 3
3356 17 5 14 2
5677 18 4 14 2
2123 19 5 3 3
8179 20 5 3 3
5881 21 4 3 3
3187 19 5 3 3
6450 20 1061109567 3 3
8695 19 5 8 3
2831 20 5 8 3
3226 21 5 8 3
2780 22 1061109567 8 3
1998 19 4 12 3
8023 20 4 12 3
8582 21 4 12 3
5987 22 4 12 3
8771 23 4 12 3
7028 24 4 12 3
8577 25 1061109567 12 3
2595 19 4 14 2
1351 20 4 7 3
511 21 4 7 3
6024 22 4 7 3
7349 23 4 7 3
8562 24 4 7 3
1221 25 4 7 3
2509 26 1061109567 7 3
9565 20 5 14 2
4710 21 6 18 3
3315 22 1061109567 18 3
1320 19 5 16 3
6258 20 6 2 4
5426 21 1061109567 2 4
709 20 4 2 4
6488 20 1061109567 16 3
3617 20 4 17 4
1899 21 4 17 4
9783 20 1061109567 17 4
8467 19 5 16 3
4166 20 5 16 3
5911 21 1061109567 16 3
680 18 6 17 3
1865 19 1061109567 17 3
4810 18 6 17 3
1899 19 4 17 3
3617 20 4 17 3
7537 17 6 18 3
5115 18 6 18 3
8427 19 6 18 3
118 20 6 18 3
4790 21 1061109567 18 3
9565 17 2 18 3
2595 18 2 14 4
1351 19 3 7 5
511 20 3 7 5
6024 21 3 7 5
7349 22 3 7 5
8562 23 3 7 5
1221 24 3 7 5
2509 25 1061109567 7 5
4710 18 3 18 3
3315 19 1061109567 18 3
1140 15 4 20 3
3598 16 3 20 3
2472 17 3 20 3
3245 18 3 20 3
3592 19 3 20 3
1014 14 3 14 2
3878 15 3 5 3
8492 15 3 5 3
3570 16 3 5 3
6855 17 3 5 3
8967 18 1061109567 5 3
5677 15 2 12 3
2123 16 3 3 4
8179 17 3 3 4
5881 18 4 3 4
7033 19 4 3 4
3187 16 3 3 4
6450 17 1061109567 3 4
2430 16 3 8 4
1224 17 4 1 5
8453 18 4 1 5
9007 19 4 1 5
6269 20 4 1 5
4037 21 4 1 5
6940 22 1061109567 1 5
8810 17 4 1 5
5037 17 1061109567 3 5
8193 17 4 3 5
7033 18 4 3 5
9480 17 4 8 4
6097 18 4 8 4
3900 19 4 8 4
6360 20 4 8 4
1956 21 4 8 4
3935 22 4 8 4
7490 23 4 8 4
2169 24 4 8 4
7056 25 4 8 4
5946 26 4 8 4
1882 27 4 8 4
7895 28 4 8 4
584 29 1061109567 8 4
5420 17 3 14 5
1320 18 3 14 5
6258 19 4 2 6
5426 20 1061109567 2 6
709 19 4 2 6
5816 19 2 14 5
6488 19 1061109567 16 6
3617 19 4 17 6
9783 19 1061109567 17 6
3455 17 2 14 5
4883 17 4 19 5
6143 18 4 19 5
4352 19 4 19 5
4124 17 4 19 5
5089 18 5 15 6
5220 19 5 15 6
1443 20 5 15 6
1260 21 5 15 6
9498 22 5 15 6
3713 23 5 15 6
9452 24 1061109567 15 6
7106 18 5 15 6
7114 18 4 19 5
5834 19 4 19 5
291 20 4 19 5
1315 21 4 19 5
6405 22 4 19 5
7195 23 4 19 5
2784 24 4 19 5
2232 25 4 19 5
9220 26 4 19 5
6883 27 1061109567 19 5
8695 16 3 8 4
2831 17 3 8 4
3226 18 3 8 4
2780 19 1061109567 8 4
1998 16 3 12 3
8023 17 3 12 3
8582 18 3 12 3
5987 19 3 12 3
8771 20 3 12 3
7028 21 3 12 3
8577 22 1061109567 12 3
2595 16 4 14 4
8278 17 3 7 5
4551 18 4 7 5
562 19 4 7 5
4578 20 1061109567 7 5
1272 18 4 14 6
1351 17 5 7 5
511 18 5 7 5
6024 19 5 7 5
7349 20 5 7 5
8562 21 5 7 5
1221 22 5 7 5
2509 23 1061109567 7 5
9565 17 3 14 4
3356 16 2 14 4
680 17 3 17 5
1865 18 1061109567 17 5
4810 17 3 17 5
1899 18 3 17 5
1320 16 5 16 4
6258 17 6 2 5
5426 18 1061109567 2 5
709 17 4 2 5
1013 18 3 2 5
5816 17 2 14 5
3592 18 3 20 6
5420 17 5 14 5
6488 17 1061109567 16 4
3617 17 4 17 5
9783 17 1061109567 17 5
8467 16 3 16 4
4166 17 3 16 4
5911 18 1061109567 16 4
2350 15 3 14 2
5816 16 5 14 2
6643 17 2 4 3
3592 17 3 20 3
3245 18 3 20 3
6674 15 4 19 3
7334 16 1061109567 19 3
6777 15 4 19 3
8368 16 4 19 3
4352 17 4 19 3
6143 18 5 19 3
3872 11 3 14 2
1933 12 4 1 3
8810 13 4 1 3
2430 14 4 1 3
1224 15 5 1 3
8453 16 5 1 3
9007 17 5 1 3
6269 18 5 1 3
4037 19 5 1 3
6940 20 1061109567 1 3
5037 15 1061109567 3 4
8193 15 5 3 4
7033 16 4 3 4
5881 17 4 3 4
9480 15 4 8 4
6097 16 4 8 4
3900 17 4 8 4
6360 18 4 8 4
1956 19 4 8 4
3935 20 4 8 4
7490 21 4 8 4
2169 22 4 8 4
7056 23 4 8 4
5946 24 4 8 4
1882 25 4 8 4
7895 26 4 8 4
584 27 1061109567 8 4
5677 15 3 8 4
5420 15 5 14 4
1320 16 4 14 4
6258 17 5 2 5
5426 18 1061109567 2 5
709 17 5 2 5
1013 18 3 2 5
6488 17 1061109567 16 5
3617 17 4 17 5
9783 17 1061109567 17 5
3455 15 2 14 4
3157 16 3 2 5
1013 17 3 2 5
8640 16 3 2 5
5772 17 1061109567 2 5
5604 16 2 13 5
1753 16 2 13 5
9944 17 2 13 5
495 18 2 13 5
8422 19 2 13 5
2923 20 2 13 5
4053 21 1061109567 13 5
8278 16 5 14 4
4551 17 5 7 5
562 18 5 7 5
4578 19 1061109567 7 5
1272 17 4 14 4
1439 18 5 10 5
5046 19 5 10 5
2676 20 5 10 5
6044 21 1061109567 10 5
206 18 5 10 5
4631 19 5 10 5
4883 15 5 19 4
6143 16 5 19 4
4352 17 3 19 4
4124 15 5 19 4
5089 16 6 15 5
5220 17 6 15 5
1443 18 6 15 5
1260 19 6 15 5
9498 20 6 15 5
3713 21 6 15 5
9452 22 1061109567 15 5
7106 16 5 15 5
3034 17 4 15 5
7114 16 5 19 4
5834 17 5 19 4
291 18 5 19 4
1315 19 5 19 4
6405 20 5 19 4
7195 21 5 19 4
2784 22 5 19 4
2232 23 5 19 4
9220 24 5 19 4
6883 25 1061109567 19 4
6778 12 2 9 3
9512 13 3 9 3
1451 14 1061109567 9 3
8388 13 3 10 4
1377 14 3 10 4
9443 15 3 10 4
4631 16 5 10 4
206 17 5 10 4
4035 13 3 10 4
2615 14 3 10 4
7846 15 3 10 4
3604 16 3 10 4
4724 17 1061109567 10 4
9224 13 3 11 4
9470 14 4 11 4
5515 15 4 11 4
2789 13 3 11 4
778 14 3 11 4
9877 15 3 11 4
3754 16 3 11 4
6307 17 3 11 4
9725 18 3 11 4
7258 19 3 11 4
402 20 3 11 4
2038 21 3 11 4
8785 22 3 11 4
7326 23 3 11 4
6621 24 1061109567 11 4
3356 13 4 14 4
5677 14 3 14 4
2123 15 4 3 5
8179 16 4 3 5
3187 15 4 3 5
6450 16 1061109567 3 5
8695 15 4 8 5
2831 16 4 8 5
3226 17 4 8 5
2780 18 1061109567 8 5
1998 15 3 12 5
8023 16 3 12 5
8582 17 3 12 5
5987 18 3 12 5
8771 19 3 12 5
7028 20 3 12 5
8577 21 1061109567 12 5
2595 15 4 14 4
8278 16 4 7 5
1351 16 5 7 5
511 17 5 7 5
6024 18 5 7 5
7349 19 5 7 5
8562 20 5 7 5
1221 21 5 7 5
2509 22 1061109567 7 5
9565 16 3 14 4
4710 17 3 18 5
3315 18 1061109567 18 5
1320 15 4 16 5
6258 16 5 2 6
5426 17 1061109567 2 6
709 16 5 2 6
5816 16 2 14 6
6488 16 1061109567 16 5
3617 16 4 17 6
1899 17 3 17 6
9783 16 1061109567 17 6
8467 15 4 16 5
4166 16 4 16 5
5911 17 1061109567 16 5
680 14 5 17 5
1865 15 1061109567 17 5
4810 14 5 17 5
1899 15 3 17 5
7907 13 2 14 4
7537 13 3 18 4
5115 14 3 18 4
8427 15 3 18 4
118 16 3 18 4
4790 17 1061109567 18 4
9565 13 4 18 4
2595 14 4 14 5
8278 15 4 7 6
4551 16 5 7 6
562 17 5 7 6
4578 18 1061109567 7 6
1272 16 4 14 7
1439 17 5 10 8
5046 18 5 10 8
2676 19 5 10 8
6044 20 1061109567 10 8
206 17 5 10 8
1351 15 5 7 6
511 16 5 7 6
6024 17 5 7 6
7349 18 5 7 6
8562 19 5 7 6
1221 20 5 7 6
2509 21 1061109567 7 6
4710 14 5 18 4
3315 15 1061109567 18 4
1545 12 3 9 3
1741 13 1061109567 9 3
5515 12 4 11 3
9470 13 4 11 3
1272 12 7 14 2
1439 13 8 10 3
5046 14 8 10 3
2676 15 8 10 3
6044 16 1061109567 10 3
206 13 5 10 3
4631 14 4 10 3
9443 15 4 10 3
8278 13 6 14 2
4551 14 6 7 3
562 15 6 7 3
4578 16 1061109567 7 3
2595 14 5 7 3
1351 15 6 7 3
511 16 6 7 3
6024 17 6 7 3
7349 18 6 7 3
8562 19 6 7 3
1221 20 6 7 3
2509 21 1061109567 7 3
3455 14 4 14 2
3157 15 5 2 3
1013 16 3 2 3
8640 15 5 2 3
5772 16 1061109567 2 3
5604 15 2 13 3
1753 15 5 13 3
9944 16 5 13 3
495 17 5 13 3
8422 18 5 13 3
2923 19 5 13 3
4053 20 1061109567 13 3
3579 12 4 15 3
3034 13 4 15 3
7106 14 5 15 3
4124 15 4 15 3
5089 16 5 15 3
5220 17 5 15 3
1443 18 5 15 3
1260 19 5 15 3
9498 20 5 15 3
3713 21 5 15 3
9452 22 1061109567 15 3
7114 16 4 19 4
5834 17 4 19 4
291 18 4 19 4
1315 19 4 19 4
6405 20 4 19 4
7195 21 4 19 4
2784 22 4 19 4
2232 23 4 19 4
9220 24 4 19 4
6883 25 1061109567 19 4
2406 12 1061109567 15 3
9565 11 4 14 2
2595 12 3 14 2
8278 13 2 7 3
1351 13 3 7 3
511 14 3 7 3
6024 15 3 7 3
7349 16 3 7 3
8562 17 3 7 3
1221 18 3 7 3
2509 19 1061109567 7 3
5677 13 4 14 2
2123 14 5 3 3
8179 15 4 3 3
5881 16 4 3 3
3187 14 5 3 3
6450 15 1061109567 3 3
2430 14 3 8 3
1224 15 3 1 4
5037 15 1061109567 3 4
8193 15 4 3 4
7033 16 4 3 4
9480 15 4 8 3
6097 16 4 8 3
3900 17 4 8 3
6360 18 4 8 3
1956 19 4 8 3
3935 20 4 8 3
7490 21 4 8 3
2169 22 4 8 3
7056 23 4 8 3
5946 24 4 8 3
1882 25 4 8 3
7895 26 4 8 3
584 27 1061109567 8 3
5420 15 4 14 4
4883 15 4 19 4
6143 16 4 19 4
4352 17 3 19 4
4124 15 3 19 4
8695 14 5 8 3
2831 15 5 8 3
3226 16 5 8 3
2780 17 1061109567 8 3
1998 14 5 12 3
8023 15 5 12 3
8582 16 5 12 3
5987 17 5 12 3
8771 18 5 12 3
7028 19 5 12 3
8577 20 1061109567 12 3
1014 14 2 12 3
1320 14 5 16 3
6258 15 6 2 4
5426 16 1061109567 2 4
709 15 5 2 4
1013 16 3 2 4
5816 15 2 14 4
6643 16 2 4 5
3592 16 3 20 5
3245 17 3 20 5
5420 15 4 14 4
6488 15 1061109567 16 3
3617 15 6 17 4
9783 15 1061109567 17 4
8467 14 5 16 3
4166 15 5 16 3
5911 16 1061109567 16 3
6778 12 3 18 3
9512 13 3 9 4
8388 13 4 10 4
1377 14 4 10 4
9443 15 4 10 4
4035 13 4 10 4
2615 14 4 10 4
7846 15 4 10 4
3604 16 4 10 4
4724 17 1061109567 10 4
9224 13 4 11 4
2789 13 4 11 4
778 14 4 11 4
9877 15 4 11 4
3754 16 4 11 4
6307 17 4 11 4
9725 18 4 11 4
7258 19 4 11 4
402 20 4 11 4
2038 21 4 11 4
8785 22 4 11 4
7326 23 4 11 4
6621 24 1061109567 11 4
3356 13 4 14 4
680 14 5 17 5
1865 15 1061109567 17 5
4810 14 5 17 5
1899 15 3 17 5
7907 13 2 14 4
7537 13 4 18 3
5115 14 4 18 3
8427 15 4 18 3
118 16 4 18 3
4790 17 1061109567 18 3
4710 12 4 18 3
3315 13 1061109567 18 3
3149 2 1061109567 6 1
6435 3 1061109567 6 1
4212 4 1061109567 6 1
26
Take Line#6 from 0745 to 4464.
Take Line#14 from 4464 to 5677.
Take Line#8 from 5677 to 0584.
