9 92
8 55
83 83 83 83 83 83 83 83 83 83 83 83 83 83 83 83 83 83 83 83 83 83 83 83 83 83 83 83 83 83 83 83 83 83 83 83 83 83 83 83 83 83 83 83 83 83 83 83 83 83 83 83 83 83 83 
83 83 83 83 83 83 83 83 83 83 46 83 83 83 83 83 34 80 83 83 83 83 83 83 83 9 83 83 83 83 83 83 83 83 83 83 83 83 83 83 83 83 87 13 83 83 83 83 64 83 83 83 83 83 83 
83 83 83 83 83 83 83 49 83 83 83 83 83 83 83 83 83 83 83 83 83 83 83 83 83 83 83 83 83 83 83 83 83 83 83 83 83 83 83 83 83 83 83 83 83 83 83 83 83 83 83 83 83 83 83 
83 83 83 83 83 47 83 83 83 83 83 20 83 83 83 83 83 90 83 83 83 83 83 83 47 83 83 83 97 83 83 56 2 83 83 83 83 83 3 83 54 83 83 68 83 83 83 27 83 83 83 83 83 83 83 
83 83 83 83 83 83 83 83 83 83 83 83 83 83 83 83 83 83 83 83 83 10 22 83 83 83 83 83 83 83 83 83 83 83 83 83 83 83 83 83 83 53 83 83 83 83 83 83 83 83 83 83 83 83 83 
83 39 83 83 83 83 83 83 83 83 83 83 83 83 83 83 11 83 56 83 83 83 83 83 83 83 83 83 83 83 83 83 83 83 83 83 83 83 83 83 83 83 83 83 83 83 83 83 61 83 83 83 83 83 83 
83 83 4 83 83 83 83 83 83 83 83 83 83 83 83 83 83 83 83 83 83 83 83 83 83 83 83 83 83 83 83 83 83 83 83 83 83 83 83 83 83 83 83 83 83 84 83 83 83 83 83 83 83 83 83 
83 83 83 83 83 83 83 83 83 83 83 83 83 83 83 83 83 83 83 83 83 83 5 83 57 83 83 83 83 83 83 83 83 83 83 83 83 83 83 83 83 83 83 83 83 83 83 83 37 83 83 2 83 83 83 
