17389 96122
10 77
57888 39658 12999 12957 78852 3291 29768 14098 27069 11605 26685 15852 86423 99140 1537 6188 61493 11020 35588 38988 91 46452 46349 2263 20707 74352 32343 96670 3908 16579 62025 73770 83831 54863 76520 17852 7977 1211 39574 31890 73484 12767 67277 18350 60095 44742 43804 25286 8861 16178 17408 47184 10467 10550 526 30748 25371 29375 17119 49025 63228 75147 44077 23863 12168 29379 12778 16897 10931 39201 57861 32573 53918 32856 53962 40184 31636 
78733 55458 3598 4880 9953 96616 14029 79227 3360 69465 5010 1275 19461 7709 16114 69034 81751 15111 37787 60194 209 20398 33253 21297 13589 3009 52659 29312 94981 97037 56963 49279 1525 42278 79277 13481 67818 41812 64157 15011 59297 61722 18992 12101 31939 66414 55322 95604 97936 24423 46768 38992 13886 48329 24063 20085 961 73380 98063 99227 42814 2851 2101 3240 44223 89615 89419 26416 31664 27082 16317 27114 55378 8714 25317 20726 81838 
43229 20987 18415 99981 67776 26536 49288 67993 31899 40966 96271 90853 16578 11876 73464 2072 84510 26669 32090 28818 3301 14701 72937 8109 25220 84929 2182 75659 78582 43639 78616 10215 67541 18565 51897 77592 14071 34507 61227 7174 73181 49726 48137 54969 61888 41428 24732 46177 41252 17118 24556 14501 5352 79150 90113 7500 60142 58045 35451 24039 26415 91510 47443 73078 5309 44016 9059 2216 15374 23279 2609 17875 16428 96436 99719 54635 10926 
40499 8451 8938 20680 68019 16363 50387 9147 32998 33967 17268 30425 44449 4519 13036 811 12870 68187 57189 15126 34256 39800 17687 8775 810 2688 28960 8128 16020 48927 14380 44179 79111 79281 8027 61193 77935 79001 50151 26790 23847 61860 37474 40881 34508 5980 73296 9412 14149 61612 43838 2378 56095 4622 69873 49962 5288 41742 38115 11409 37933 3169 2481 22706 18652 7167 21333 4483 30940 75674 36665 25747 42753 35769 2839 2644 6650 
61344 5721 11668 4390 8212 4311 50630 4210 33241 61838 9680 13798 33215 2879 3591 27060 52465 17298 1563 38686 7718 26715 21599 33409 61028 22411 15864 25416 26808 59201 67540 14954 67115 11923 19132 1369 9558 2168 12367 2435 5818 58057 24889 67634 9362 3799 72373 50429 7140 12080 32762 9401 41908 44333 3381 16213 37580 21329 15646 9265 7343 7897 43157 66846 2194 26449 29795 6922 61761 16863 32499 3160 20191 11986 27110 2250 12307 
72847 17308 30467 13791 4432 13179 65203 16577 47814 50604 5513 23758 9516 69854 6369 55176 56377 14088 44104 9280 38096 46973 89641 10637 66316 9326 96500 5960 25366 51896 5022 35270 79249 35739 47493 90685 79648 29469 12908 17881 66442 17915 67351 46764 52840 8124 30724 61466 90467 36041 46926 80865 55792 48683 33706 44503 7497 71351 20033 5082 55907 78215 51118 38298 64176 49007 96257 12037 8166 6674 51479 55012 65436 2447 37507 4674 2564 
25840 26566 68744 1026 12509 33966 58536 44074 31187 26905 21908 19667 7444 73766 2278 74578 77583 11201 64362 8614 3800 84057 25517 3073 76590 21870 84504 36521 522 96390 8063 54383 75446 58270 23369 89762 26250 36972 5194 61194 4548 87262 1176 90769 55504 79515 91703 19870 40095 19583 79565 492 6458 32337 19998 35264 23492 42706 19639 62126 54984 28788 23110 21285 9858 54853 21603 38706 26944 72724 15786 13116 59691 55991 537 9964 44737 
23110 30346 81 13078 82592 61463 54445 4288 41147 8242 14510 61447 9296 10718 44058 15826 32515 51645 67121 50798 18199 49732 42805 17180 32610 29584 55548 64882 3318 15221 4481 15207 38159 9261 13590 9419 31538 5715 22000 36994 50152 20770 61892 75434 1743 4532 7970 60546 15200 27247 4611 43805 49053 44471 54054 43136 50245 14550 12715 16926 13335 33040 44870 11099 40189 15373 2888 24519 31294 52484 13359 7982 9892 40656 270 65687 62598 
43955 22269 85408 30568 71834 13101 5784 12379 37056 812 6671 52076 78882 49904 85576 7873 56075 15317 50642 6752 78417 70048 11429 44197 29063 66668 298 30979 95324 46858 12195 41236 36381 85023 25513 31609 10249 44636 56111 3503 6839 51095 60525 59131 37028 463 14538 68507 84235 57578 26448 19605 12841 40668 49888 14229 8675 44499 27353 79987 54493 84730 8528 7034 4796 29537 7988 38403 14948 76746 2696 40709 6103 24353 80674 8971 57458 
47735 38069 9177 51355 23173 7436 51356 34657 78836 9945 15609 23577 121 1780 34687 8093 4353 9671 35076 14316 49999 19571 82271 16867 25262 61568 72252 35241 7831 11674 39389 11571 17091 92823 12857 42675 2189 74967 56381 22741 65718 71443 5466 38718 30104 60203 14220 62259 28488 22185 38722 12906 32763 93063 1603 4273 53158 54896 83076 3285 74314 19267 80547 271 19 62176 63476 89531 46217 14008 9889 98648 30366 3940 18062 22476 14104 
