50 43
10 45
7 42 27 12 47 56 33 92 41 23 91 25 90 82 15 71 27 60 27 28 31 18 71 81 27 48 84 9 91 11 5 24 42 76 59 88 26 42 33 39 72 16 53 98 72 
36 1 16 31 4 37 2 32 71 37 51 93 84 58 29 82 41 60 74 27 50 61 26 69 7 23 83 83 22 90 13 80 71 78 72 34 66 53 26 91 77 26 3 99 39 
14 49 34 19 46 92 74 30 76 48 44 96 93 24 86 12 2 6 29 19 71 52 16 52 2 6 74 46 54 38 91 34 59 71 78 43 86 53 64 60 95 17 19 33 15 
29 6 9 24 39 51 25 65 18 10 12 90 79 60 70 58 45 76 48 35 87 94 80 89 82 15 14 39 54 4 69 31 19 15 46 10 3 85 88 32 72 50 92 68 14 
21 44 41 26 11 45 89 70 33 56 82 84 2 85 35 23 52 91 59 13 66 94 63 68 64 25 41 18 5 10 65 90 19 93 73 49 12 73 79 59 89 48 83 95 17 
22 37 2 17 32 37 88 96 6 46 70 37 89 90 81 52 24 25 24 59 58 56 12 46 47 52 10 82 11 26 22 100 91 20 34 4 64 96 59 78 52 52 24 7 18 
28 13 48 33 18 72 9 55 5 6 77 68 45 35 86 29 95 54 30 91 58 50 45 19 88 94 50 94 47 39 17 37 62 95 89 78 69 6 89 64 55 99 58 91 29 
15 30 5 10 25 88 37 99 6 53 81 46 33 12 70 82 18 97 44 3 14 18 13 44 25 1 95 47 100 65 89 16 14 90 64 100 55 1 54 29 67 74 16 16 5 
35 20 45 40 65 4 16 75 12 45 67 32 4 60 77 47 66 63 58 90 57 63 76 45 34 81 29 49 91 72 39 25 93 52 26 31 42 29 6 62 50 73 78 39 6 
8 23 38 3 21 21 88 54 29 33 77 50 87 50 41 99 43 57 81 50 8 98 23 33 71 78 75 64 66 27 54 57 12 46 29 53 28 93 54 71 37 68 73 96 69 
