132 14
10 48
118 84 124 54 116 46 122 51 33 51 38 77 44 6 90 89 87 35 49 38 100 72 75 58 28 78 52 34 40 69 96 5 34 10 55 1 68 41 34 4 68 73 65 78 29 6 30 16 
104 84 98 78 16 21 108 75 24 25 55 10 33 52 92 52 86 12 48 38 53 16 28 82 22 88 48 19 47 95 27 65 77 61 89 71 78 47 97 58 2 53 80 78 50 50 47 95 
28 34 110 40 102 86 24 71 82 3 25 44 54 54 95 11 57 74 67 71 80 61 92 26 33 92 89 2 68 20 57 50 27 60 29 35 44 64 31 29 55 74 42 95 26 92 5 10 
90 98 22 92 30 32 94 63 13 35 66 12 36 53 90 14 36 89 9 100 57 47 83 60 9 72 62 100 4 89 3 30 27 86 84 63 61 14 92 75 33 23 87 67 55 41 54 81 
42 23 96 26 88 100 38 92 24 34 7 79 33 19 21 54 11 34 93 83 5 94 87 62 37 7 90 90 91 60 53 98 93 19 94 97 28 15 5 13 35 74 37 61 87 95 1 20 
76 20 36 106 44 18 80 91 67 36 61 17 40 38 55 29 25 19 57 11 51 1 11 68 33 4 32 88 18 57 84 80 27 26 19 72 67 86 1 1 2 10 89 57 59 26 42 73 
56 112 82 12 74 114 52 14 21 86 42 46 90 79 30 66 83 84 42 22 42 74 59 11 98 20 93 24 55 40 23 90 48 92 52 38 79 34 99 65 21 17 89 85 83 95 91 63 
62 6 50 120 58 4 66 65 53 28 43 96 30 11 62 30 31 99 96 79 14 41 70 46 100 32 69 13 25 52 2 89 82 81 54 52 4 80 77 25 23 13 3 8 99 21 25 40 
70 126 68 2 60 128 33 80 5 44 2 18 79 25 18 70 25 3 32 68 36 2 21 96 57 52 84 30 87 79 19 70 22 39 99 75 88 20 77 59 54 67 100 80 38 42 93 85 
48 8 64 130 72 10 30 23 75 83 72 17 6 64 68 45 69 23 86 14 78 91 70 70 83 7 72 48 24 66 41 16 66 86 27 76 4 96 76 39 63 1 16 85 69 60 67 32 
